using System;
using System.Windows.Media;
using System.Windows.Media.Media3D;

namespace MakerLib.MorphableModel
{
    public partial class MorphablePrimitivesGenerator
    {
        public static double [] GenerateCube()
        {
            // resolution 2.0 degrees
            double [] distances =
            {
			0.500000, 0.500305, 0.501221, 0.502754, 0.504914, 0.507713, 0.511170, 0.515307, 0.520150, 0.525731, 0.532089, 0.539267, 0.547318, 0.556301, 0.566285, 0.577350, 0.589589, 0.603109, 0.618034, 0.634509, 0.652704, 0.672816, 0.695082, 0.695082, 0.672816, 0.652704, 0.634509, 0.618034, 0.603109, 0.589589, 0.577350, 0.566285, 0.556301, 0.547318, 0.539267, 0.532089, 0.525731, 0.520150, 0.515307, 0.511170, 0.507713, 0.504914, 0.502754, 0.501221, 0.500305, 0.500000, 0.500305, 0.501221, 0.502754, 0.504914, 0.507713, 0.511170, 0.515307, 0.520150, 0.525731, 0.532089, 0.539267, 0.547318, 0.556301, 0.566285, 0.577350, 0.589589, 0.603109, 0.618034, 0.634509, 0.652704, 0.672816, 0.695082, 0.695082, 0.672816, 0.652704, 0.634509, 0.618034, 0.603109, 0.589589, 0.577350, 0.566285, 0.556301, 0.547318, 0.539267, 0.532089, 0.525731, 0.520150, 0.515307, 0.511170, 0.507713, 0.504914, 0.502754, 0.501221, 0.500305, 
			0.500000, 0.500305, 0.501221, 0.502754, 0.504914, 0.507713, 0.511170, 0.515307, 0.520150, 0.525731, 0.532089, 0.539267, 0.547318, 0.556301, 0.566285, 0.577350, 0.589589, 0.603109, 0.618034, 0.634509, 0.652704, 0.672816, 0.695082, 0.695505, 0.673226, 0.653101, 0.634896, 0.618411, 0.603477, 0.589949, 0.577702, 0.566630, 0.556640, 0.547652, 0.539596, 0.532413, 0.526052, 0.520467, 0.515621, 0.511482, 0.508023, 0.505222, 0.503061, 0.501526, 0.500610, 0.500305, 0.500610, 0.501526, 0.503061, 0.505222, 0.508023, 0.511482, 0.515621, 0.520467, 0.526052, 0.532413, 0.539596, 0.547652, 0.556640, 0.566630, 0.577702, 0.589949, 0.603477, 0.618411, 0.634896, 0.653101, 0.673226, 0.695505, 0.695082, 0.672816, 0.652704, 0.634509, 0.618034, 0.603109, 0.589589, 0.577350, 0.566285, 0.556301, 0.547318, 0.539267, 0.532089, 0.525731, 0.520150, 0.515307, 0.511170, 0.507713, 0.504914, 0.502754, 0.501221, 0.500305, 
			0.500000, 0.500305, 0.501221, 0.502754, 0.504914, 0.507713, 0.511170, 0.515307, 0.520150, 0.525731, 0.532089, 0.539267, 0.547318, 0.556301, 0.566285, 0.577350, 0.589589, 0.603109, 0.618034, 0.634509, 0.652704, 0.672816, 0.695082, 0.696779, 0.674459, 0.654297, 0.636059, 0.619543, 0.604582, 0.591029, 0.578760, 0.567668, 0.557659, 0.548655, 0.540584, 0.533388, 0.527015, 0.521420, 0.516565, 0.512419, 0.508953, 0.506147, 0.503982, 0.502445, 0.501526, 0.501221, 0.501526, 0.502445, 0.503982, 0.506147, 0.508953, 0.512419, 0.516565, 0.521420, 0.527015, 0.533388, 0.540584, 0.548655, 0.557659, 0.567668, 0.578760, 0.591029, 0.604582, 0.619543, 0.636059, 0.654297, 0.674459, 0.696779, 0.695082, 0.672816, 0.652704, 0.634509, 0.618034, 0.603109, 0.589589, 0.577350, 0.566285, 0.556301, 0.547318, 0.539267, 0.532089, 0.525731, 0.520150, 0.515307, 0.511170, 0.507713, 0.504914, 0.502754, 0.501221, 0.500305, 
			0.500000, 0.500305, 0.501221, 0.502754, 0.504914, 0.507713, 0.511170, 0.515307, 0.520150, 0.525731, 0.532089, 0.539267, 0.547318, 0.556301, 0.566285, 0.577350, 0.589589, 0.603109, 0.618034, 0.634509, 0.652704, 0.672816, 0.695082, 0.698911, 0.676522, 0.656299, 0.638004, 0.621438, 0.606431, 0.592837, 0.580530, 0.569404, 0.559365, 0.550333, 0.542238, 0.535020, 0.528627, 0.523015, 0.518145, 0.513986, 0.510510, 0.507695, 0.505523, 0.503982, 0.503061, 0.502754, 0.503061, 0.503982, 0.505523, 0.507695, 0.510510, 0.513986, 0.518145, 0.523015, 0.528627, 0.535020, 0.542238, 0.550333, 0.559365, 0.569404, 0.580530, 0.592837, 0.606431, 0.621438, 0.638004, 0.656299, 0.676522, 0.698911, 0.695082, 0.672816, 0.652704, 0.634509, 0.618034, 0.603109, 0.589589, 0.577350, 0.566285, 0.556301, 0.547318, 0.539267, 0.532089, 0.525731, 0.520150, 0.515307, 0.511170, 0.507713, 0.504914, 0.502754, 0.501221, 0.500305, 
			0.500000, 0.500305, 0.501221, 0.502754, 0.504914, 0.507713, 0.511170, 0.515307, 0.520150, 0.525731, 0.532089, 0.539267, 0.547318, 0.556301, 0.566285, 0.577350, 0.589589, 0.603109, 0.618034, 0.634509, 0.652704, 0.672816, 0.695082, 0.701913, 0.679429, 0.659118, 0.640745, 0.624108, 0.609036, 0.595383, 0.583024, 0.571850, 0.561768, 0.552697, 0.544567, 0.537318, 0.530898, 0.525262, 0.520371, 0.516194, 0.512703, 0.509876, 0.507695, 0.506147, 0.505222, 0.504914, 0.505222, 0.506147, 0.507695, 0.509876, 0.512703, 0.516194, 0.520371, 0.525262, 0.530898, 0.537318, 0.544567, 0.552697, 0.561768, 0.571850, 0.583024, 0.595383, 0.609036, 0.624108, 0.640745, 0.659118, 0.679429, 0.701913, 0.695082, 0.672816, 0.652704, 0.634509, 0.618034, 0.603109, 0.589589, 0.577350, 0.566285, 0.556301, 0.547318, 0.539267, 0.532089, 0.525731, 0.520150, 0.515307, 0.511170, 0.507713, 0.504914, 0.502754, 0.501221, 0.500305, 
			0.500000, 0.500305, 0.501221, 0.502754, 0.504914, 0.507713, 0.511170, 0.515307, 0.520150, 0.525731, 0.532089, 0.539267, 0.547318, 0.556301, 0.566285, 0.577350, 0.589589, 0.603109, 0.618034, 0.634509, 0.652704, 0.672816, 0.695082, 0.705805, 0.683196, 0.662773, 0.644297, 0.627568, 0.612413, 0.598685, 0.586257, 0.575021, 0.564883, 0.555761, 0.547586, 0.540297, 0.533841, 0.528174, 0.523256, 0.519056, 0.515546, 0.512703, 0.510510, 0.508953, 0.508023, 0.507713, 0.508023, 0.508953, 0.510510, 0.512703, 0.515546, 0.519056, 0.523256, 0.528174, 0.533841, 0.540297, 0.547586, 0.555761, 0.564883, 0.575021, 0.586257, 0.598685, 0.612413, 0.627568, 0.644297, 0.662773, 0.683196, 0.705805, 0.695082, 0.672816, 0.652704, 0.634509, 0.618034, 0.603109, 0.589589, 0.577350, 0.566285, 0.556301, 0.547318, 0.539267, 0.532089, 0.525731, 0.520150, 0.515307, 0.511170, 0.507713, 0.504914, 0.502754, 0.501221, 0.500305, 
			0.500000, 0.500305, 0.501221, 0.502754, 0.504914, 0.507713, 0.511170, 0.515307, 0.520150, 0.525731, 0.532089, 0.539267, 0.547318, 0.556301, 0.566285, 0.577350, 0.589589, 0.603109, 0.618034, 0.634509, 0.652704, 0.672816, 0.695082, 0.710610, 0.687847, 0.667285, 0.648684, 0.631841, 0.616583, 0.602761, 0.590249, 0.578936, 0.568729, 0.559546, 0.551315, 0.543976, 0.537476, 0.531770, 0.526819, 0.522590, 0.519056, 0.516194, 0.513986, 0.512419, 0.511482, 0.511170, 0.511482, 0.512419, 0.513986, 0.516194, 0.519056, 0.522590, 0.526819, 0.531770, 0.537476, 0.543976, 0.551315, 0.559546, 0.568729, 0.578936, 0.590249, 0.602761, 0.616583, 0.631841, 0.648684, 0.667285, 0.687847, 0.710610, 0.695082, 0.672816, 0.652704, 0.634509, 0.618034, 0.603109, 0.589589, 0.577350, 0.566285, 0.556301, 0.547318, 0.539267, 0.532089, 0.525731, 0.520150, 0.515307, 0.511170, 0.507713, 0.504914, 0.502754, 0.501221, 0.500305, 
			0.500000, 0.500305, 0.501221, 0.502754, 0.504914, 0.507713, 0.511170, 0.515307, 0.520150, 0.525731, 0.532089, 0.539267, 0.547318, 0.556301, 0.566285, 0.577350, 0.589589, 0.603109, 0.618034, 0.634509, 0.652704, 0.672816, 0.695082, 0.716361, 0.693414, 0.672685, 0.653934, 0.636954, 0.621572, 0.607639, 0.595025, 0.583621, 0.573331, 0.564074, 0.555776, 0.548378, 0.541826, 0.536073, 0.531082, 0.526819, 0.523256, 0.520371, 0.518145, 0.516565, 0.515621, 0.515307, 0.515621, 0.516565, 0.518145, 0.520371, 0.523256, 0.526819, 0.531082, 0.536073, 0.541826, 0.548378, 0.555776, 0.564074, 0.573331, 0.583621, 0.595025, 0.607639, 0.621572, 0.636954, 0.653934, 0.672685, 0.693414, 0.716361, 0.695082, 0.672816, 0.652704, 0.634509, 0.618034, 0.603109, 0.589589, 0.577350, 0.566285, 0.556301, 0.547318, 0.539267, 0.532089, 0.525731, 0.520150, 0.515307, 0.511170, 0.507713, 0.504914, 0.502754, 0.501221, 0.500305, 
			0.500000, 0.500305, 0.501221, 0.502754, 0.504914, 0.507713, 0.511170, 0.515307, 0.520150, 0.525731, 0.532089, 0.539267, 0.547318, 0.556301, 0.566285, 0.577350, 0.589589, 0.603109, 0.618034, 0.634509, 0.652704, 0.672816, 0.695082, 0.719778, 0.699930, 0.679007, 0.660079, 0.642940, 0.627414, 0.613349, 0.600617, 0.589106, 0.578720, 0.569375, 0.561000, 0.553532, 0.546918, 0.541111, 0.536073, 0.531770, 0.528174, 0.525262, 0.523015, 0.521420, 0.520467, 0.520150, 0.520467, 0.521420, 0.523015, 0.525262, 0.528174, 0.531770, 0.536073, 0.541111, 0.546918, 0.553532, 0.561000, 0.569375, 0.578720, 0.589106, 0.600617, 0.613349, 0.627414, 0.642940, 0.660079, 0.679007, 0.699930, 0.719778, 0.695082, 0.672816, 0.652704, 0.634509, 0.618034, 0.603109, 0.589589, 0.577350, 0.566285, 0.556301, 0.547318, 0.539267, 0.532089, 0.525731, 0.520150, 0.515307, 0.511170, 0.507713, 0.504914, 0.502754, 0.501221, 0.500305, 
			0.500000, 0.500305, 0.501221, 0.502754, 0.504914, 0.507713, 0.511170, 0.515307, 0.520150, 0.525731, 0.532089, 0.539267, 0.547318, 0.556301, 0.566285, 0.577350, 0.589589, 0.603109, 0.618034, 0.634509, 0.652704, 0.672816, 0.695082, 0.719778, 0.707441, 0.686293, 0.667162, 0.649839, 0.634146, 0.619931, 0.607062, 0.595427, 0.584929, 0.575484, 0.567019, 0.559471, 0.552786, 0.546918, 0.541826, 0.537476, 0.533841, 0.530898, 0.528627, 0.527015, 0.526052, 0.525731, 0.526052, 0.527015, 0.528627, 0.530898, 0.533841, 0.537476, 0.541826, 0.546918, 0.552786, 0.559471, 0.567019, 0.575484, 0.584929, 0.595427, 0.607062, 0.619931, 0.634146, 0.649839, 0.667162, 0.686293, 0.707441, 0.719778, 0.695082, 0.672816, 0.652704, 0.634509, 0.618034, 0.603109, 0.589589, 0.577350, 0.566285, 0.556301, 0.547318, 0.539267, 0.532089, 0.525731, 0.520150, 0.515307, 0.511170, 0.507713, 0.504914, 0.502754, 0.501221, 0.500305, 
			0.500000, 0.500305, 0.501221, 0.502754, 0.504914, 0.507713, 0.511170, 0.515307, 0.520150, 0.525731, 0.532089, 0.539267, 0.547318, 0.556301, 0.566285, 0.577350, 0.589589, 0.603109, 0.618034, 0.634509, 0.652704, 0.672816, 0.695082, 0.719778, 0.715996, 0.694593, 0.675230, 0.657698, 0.641815, 0.627428, 0.614403, 0.602628, 0.592003, 0.582444, 0.573876, 0.566237, 0.559471, 0.553532, 0.548378, 0.543976, 0.540297, 0.537318, 0.535020, 0.533388, 0.532413, 0.532089, 0.532413, 0.533388, 0.535020, 0.537318, 0.540297, 0.543976, 0.548378, 0.553532, 0.559471, 0.566237, 0.573876, 0.582444, 0.592003, 0.602628, 0.614403, 0.627428, 0.641815, 0.657698, 0.675230, 0.694593, 0.715996, 0.719778, 0.695082, 0.672816, 0.652704, 0.634509, 0.618034, 0.603109, 0.589589, 0.577350, 0.566285, 0.556301, 0.547318, 0.539267, 0.532089, 0.525731, 0.520150, 0.515307, 0.511170, 0.507713, 0.504914, 0.502754, 0.501221, 0.500305, 
			0.500000, 0.500305, 0.501221, 0.502754, 0.504914, 0.507713, 0.511170, 0.515307, 0.520150, 0.525731, 0.532089, 0.539267, 0.547318, 0.556301, 0.566285, 0.577350, 0.589589, 0.603109, 0.618034, 0.634509, 0.652704, 0.672816, 0.695082, 0.719778, 0.725656, 0.703964, 0.684340, 0.666571, 0.650474, 0.635892, 0.622692, 0.610758, 0.599990, 0.590302, 0.581619, 0.573876, 0.567019, 0.561000, 0.555776, 0.551315, 0.547586, 0.544567, 0.542238, 0.540584, 0.539596, 0.539267, 0.539596, 0.540584, 0.542238, 0.544567, 0.547586, 0.551315, 0.555776, 0.561000, 0.567019, 0.573876, 0.581619, 0.590302, 0.599990, 0.610758, 0.622692, 0.635892, 0.650474, 0.666571, 0.684340, 0.703964, 0.725656, 0.719778, 0.695082, 0.672816, 0.652704, 0.634509, 0.618034, 0.603109, 0.589589, 0.577350, 0.566285, 0.556301, 0.547318, 0.539267, 0.532089, 0.525731, 0.520150, 0.515307, 0.511170, 0.507713, 0.504914, 0.502754, 0.501221, 0.500305, 
			0.500000, 0.500305, 0.501221, 0.502754, 0.504914, 0.507713, 0.511170, 0.515307, 0.520150, 0.525731, 0.532089, 0.539267, 0.547318, 0.556301, 0.566285, 0.577350, 0.589589, 0.603109, 0.618034, 0.634509, 0.652704, 0.672816, 0.695082, 0.719778, 0.736489, 0.714473, 0.694557, 0.676522, 0.660185, 0.645386, 0.631989, 0.619876, 0.608947, 0.599114, 0.590302, 0.582444, 0.575484, 0.569375, 0.564074, 0.559546, 0.555761, 0.552697, 0.550333, 0.548655, 0.547652, 0.547318, 0.547652, 0.548655, 0.550333, 0.552697, 0.555761, 0.559546, 0.564074, 0.569375, 0.575484, 0.582444, 0.590302, 0.599114, 0.608947, 0.619876, 0.631989, 0.645386, 0.660185, 0.676522, 0.694557, 0.714473, 0.736489, 0.719778, 0.695082, 0.672816, 0.652704, 0.634509, 0.618034, 0.603109, 0.589589, 0.577350, 0.566285, 0.556301, 0.547318, 0.539267, 0.532089, 0.525731, 0.520150, 0.515307, 0.511170, 0.507713, 0.504914, 0.502754, 0.501221, 0.500305, 
			0.500000, 0.500305, 0.501221, 0.502754, 0.504914, 0.507713, 0.511170, 0.515307, 0.520150, 0.525731, 0.532089, 0.539267, 0.547318, 0.556301, 0.566285, 0.577350, 0.589589, 0.603109, 0.618034, 0.634509, 0.652704, 0.672816, 0.695082, 0.719778, 0.747238, 0.726199, 0.705956, 0.687626, 0.671020, 0.655978, 0.642361, 0.630050, 0.618942, 0.608947, 0.599990, 0.592003, 0.584929, 0.578720, 0.573331, 0.568729, 0.564883, 0.561768, 0.559365, 0.557659, 0.556640, 0.556301, 0.556640, 0.557659, 0.559365, 0.561768, 0.564883, 0.568729, 0.573331, 0.578720, 0.584929, 0.592003, 0.599990, 0.608947, 0.618942, 0.630050, 0.642361, 0.655978, 0.671020, 0.687626, 0.705956, 0.726199, 0.747238, 0.719778, 0.695082, 0.672816, 0.652704, 0.634509, 0.618034, 0.603109, 0.589589, 0.577350, 0.566285, 0.556301, 0.547318, 0.539267, 0.532089, 0.525731, 0.520150, 0.515307, 0.511170, 0.507713, 0.504914, 0.502754, 0.501221, 0.500305, 
			0.500000, 0.500305, 0.501221, 0.502754, 0.504914, 0.507713, 0.511170, 0.515307, 0.520150, 0.525731, 0.532089, 0.539267, 0.547318, 0.556301, 0.566285, 0.577350, 0.589589, 0.603109, 0.618034, 0.634509, 0.652704, 0.672816, 0.695082, 0.719778, 0.747238, 0.739233, 0.718626, 0.699967, 0.683063, 0.667751, 0.653890, 0.641357, 0.630050, 0.619876, 0.610758, 0.602628, 0.595427, 0.589106, 0.583621, 0.578936, 0.575021, 0.571850, 0.569404, 0.567668, 0.566630, 0.566285, 0.566630, 0.567668, 0.569404, 0.571850, 0.575021, 0.578936, 0.583621, 0.589106, 0.595427, 0.602628, 0.610758, 0.619876, 0.630050, 0.641357, 0.653890, 0.667751, 0.683063, 0.699967, 0.718626, 0.739233, 0.747238, 0.719778, 0.695082, 0.672816, 0.652704, 0.634509, 0.618034, 0.603109, 0.589589, 0.577350, 0.566285, 0.556301, 0.547318, 0.539267, 0.532089, 0.525731, 0.520150, 0.515307, 0.511170, 0.507713, 0.504914, 0.502754, 0.501221, 0.500305, 
			0.500000, 0.500305, 0.501221, 0.502754, 0.504914, 0.507713, 0.511170, 0.515307, 0.520150, 0.525731, 0.532089, 0.539267, 0.547318, 0.556301, 0.566285, 0.577350, 0.589589, 0.603109, 0.618034, 0.634509, 0.652704, 0.672816, 0.695082, 0.719778, 0.747238, 0.753677, 0.732668, 0.713644, 0.696410, 0.680799, 0.666667, 0.653890, 0.642361, 0.631989, 0.622692, 0.614403, 0.607062, 0.600617, 0.595025, 0.590249, 0.586257, 0.583024, 0.580530, 0.578760, 0.577702, 0.577350, 0.577702, 0.578760, 0.580530, 0.583024, 0.586257, 0.590249, 0.595025, 0.600617, 0.607062, 0.614403, 0.622692, 0.631989, 0.642361, 0.653890, 0.666667, 0.680799, 0.696410, 0.713644, 0.732668, 0.753677, 0.747238, 0.719778, 0.695082, 0.672816, 0.652704, 0.634509, 0.618034, 0.603109, 0.589589, 0.577350, 0.566285, 0.556301, 0.547318, 0.539267, 0.532089, 0.525731, 0.520150, 0.515307, 0.511170, 0.507713, 0.504914, 0.502754, 0.501221, 0.500305, 
			0.500000, 0.500305, 0.501221, 0.502754, 0.504914, 0.507713, 0.511170, 0.515307, 0.520150, 0.525731, 0.532089, 0.539267, 0.547318, 0.556301, 0.566285, 0.577350, 0.589589, 0.603109, 0.618034, 0.634509, 0.652704, 0.672816, 0.695082, 0.719778, 0.747238, 0.769654, 0.748199, 0.728772, 0.711173, 0.695231, 0.680799, 0.667751, 0.655978, 0.645386, 0.635892, 0.627428, 0.619931, 0.613349, 0.607639, 0.602761, 0.598685, 0.595383, 0.592837, 0.591029, 0.589949, 0.589589, 0.589949, 0.591029, 0.592837, 0.595383, 0.598685, 0.602761, 0.607639, 0.613349, 0.619931, 0.627428, 0.635892, 0.645386, 0.655978, 0.667751, 0.680799, 0.695231, 0.711173, 0.728772, 0.748199, 0.769654, 0.747238, 0.719778, 0.695082, 0.672816, 0.652704, 0.634509, 0.618034, 0.603109, 0.589589, 0.577350, 0.566285, 0.556301, 0.547318, 0.539267, 0.532089, 0.525731, 0.520150, 0.515307, 0.511170, 0.507713, 0.504914, 0.502754, 0.501221, 0.500305, 
			0.500000, 0.500305, 0.501221, 0.502754, 0.504914, 0.507713, 0.511170, 0.515307, 0.520150, 0.525731, 0.532089, 0.539267, 0.547318, 0.556301, 0.566285, 0.577350, 0.589589, 0.603109, 0.618034, 0.634509, 0.652704, 0.672816, 0.695082, 0.719778, 0.747238, 0.777862, 0.765356, 0.745484, 0.727481, 0.711173, 0.696410, 0.683063, 0.671020, 0.660185, 0.650474, 0.641815, 0.634146, 0.627414, 0.621572, 0.616583, 0.612413, 0.609036, 0.606431, 0.604582, 0.603477, 0.603109, 0.603477, 0.604582, 0.606431, 0.609036, 0.612413, 0.616583, 0.621572, 0.627414, 0.634146, 0.641815, 0.650474, 0.660185, 0.671020, 0.683063, 0.696410, 0.711173, 0.727481, 0.745484, 0.765356, 0.777862, 0.747238, 0.719778, 0.695082, 0.672816, 0.652704, 0.634509, 0.618034, 0.603109, 0.589589, 0.577350, 0.566285, 0.556301, 0.547318, 0.539267, 0.532089, 0.525731, 0.520150, 0.515307, 0.511170, 0.507713, 0.504914, 0.502754, 0.501221, 0.500305, 
			0.500000, 0.500305, 0.501221, 0.502754, 0.504914, 0.507713, 0.511170, 0.515307, 0.520150, 0.525731, 0.532089, 0.539267, 0.547318, 0.556301, 0.566285, 0.577350, 0.589589, 0.603109, 0.618034, 0.634509, 0.652704, 0.672816, 0.695082, 0.719778, 0.747238, 0.777862, 0.784296, 0.763932, 0.745484, 0.728772, 0.713644, 0.699967, 0.687626, 0.676522, 0.666571, 0.657698, 0.649839, 0.642940, 0.636954, 0.631841, 0.627568, 0.624108, 0.621438, 0.619543, 0.618411, 0.618034, 0.618411, 0.619543, 0.621438, 0.624108, 0.627568, 0.631841, 0.636954, 0.642940, 0.649839, 0.657698, 0.666571, 0.676522, 0.687626, 0.699967, 0.713644, 0.728772, 0.745484, 0.763932, 0.784296, 0.777862, 0.747238, 0.719778, 0.695082, 0.672816, 0.652704, 0.634509, 0.618034, 0.603109, 0.589589, 0.577350, 0.566285, 0.556301, 0.547318, 0.539267, 0.532089, 0.525731, 0.520150, 0.515307, 0.511170, 0.507713, 0.504914, 0.502754, 0.501221, 0.500305, 
			0.500000, 0.500305, 0.501221, 0.502754, 0.504914, 0.507713, 0.511170, 0.515307, 0.520150, 0.525731, 0.532089, 0.539267, 0.547318, 0.556301, 0.566285, 0.577350, 0.589589, 0.603109, 0.618034, 0.634509, 0.652704, 0.672816, 0.695082, 0.719778, 0.747238, 0.777862, 0.805204, 0.784296, 0.765356, 0.748199, 0.732668, 0.718626, 0.705956, 0.694557, 0.684340, 0.675230, 0.667162, 0.660079, 0.653934, 0.648684, 0.644297, 0.640745, 0.638004, 0.636059, 0.634896, 0.634509, 0.634896, 0.636059, 0.638004, 0.640745, 0.644297, 0.648684, 0.653934, 0.660079, 0.667162, 0.675230, 0.684340, 0.694557, 0.705956, 0.718626, 0.732668, 0.748199, 0.765356, 0.784296, 0.805204, 0.777862, 0.747238, 0.719778, 0.695082, 0.672816, 0.652704, 0.634509, 0.618034, 0.603109, 0.589589, 0.577350, 0.566285, 0.556301, 0.547318, 0.539267, 0.532089, 0.525731, 0.520150, 0.515307, 0.511170, 0.507713, 0.504914, 0.502754, 0.501221, 0.500305, 
			0.500000, 0.500305, 0.501221, 0.502754, 0.504914, 0.507713, 0.511170, 0.515307, 0.520150, 0.525731, 0.532089, 0.539267, 0.547318, 0.556301, 0.566285, 0.577350, 0.589589, 0.603109, 0.618034, 0.634509, 0.652704, 0.672816, 0.695082, 0.719778, 0.747238, 0.777862, 0.812135, 0.806786, 0.787303, 0.769654, 0.753677, 0.739233, 0.726199, 0.714473, 0.703964, 0.694593, 0.686293, 0.679007, 0.672685, 0.667285, 0.662773, 0.659118, 0.656299, 0.654297, 0.653101, 0.652704, 0.653101, 0.654297, 0.656299, 0.659118, 0.662773, 0.667285, 0.672685, 0.679007, 0.686293, 0.694593, 0.703964, 0.714473, 0.726199, 0.739233, 0.753677, 0.769654, 0.787303, 0.806786, 0.812135, 0.777862, 0.747238, 0.719778, 0.695082, 0.672816, 0.652704, 0.634509, 0.618034, 0.603109, 0.589589, 0.577350, 0.566285, 0.556301, 0.547318, 0.539267, 0.532089, 0.525731, 0.520150, 0.515307, 0.511170, 0.507713, 0.504914, 0.502754, 0.501221, 0.500305, 
			0.500000, 0.500305, 0.501221, 0.502754, 0.504914, 0.507713, 0.511170, 0.515307, 0.520150, 0.525731, 0.532089, 0.539267, 0.547318, 0.556301, 0.566285, 0.577350, 0.589589, 0.603109, 0.618034, 0.634509, 0.652704, 0.672816, 0.695082, 0.719778, 0.747238, 0.777862, 0.812135, 0.831647, 0.811563, 0.793371, 0.776901, 0.762012, 0.748577, 0.736489, 0.725656, 0.715996, 0.707441, 0.699930, 0.693414, 0.687847, 0.683196, 0.679429, 0.676522, 0.674459, 0.673226, 0.672816, 0.673226, 0.674459, 0.676522, 0.679429, 0.683196, 0.687847, 0.693414, 0.699930, 0.707441, 0.715996, 0.725656, 0.736489, 0.748577, 0.762012, 0.776901, 0.793371, 0.811563, 0.831647, 0.812135, 0.777862, 0.747238, 0.719778, 0.695082, 0.672816, 0.652704, 0.634509, 0.618034, 0.603109, 0.589589, 0.577350, 0.566285, 0.556301, 0.547318, 0.539267, 0.532089, 0.525731, 0.520150, 0.515307, 0.511170, 0.507713, 0.504914, 0.502754, 0.501221, 0.500305, 
			0.500000, 0.500305, 0.501221, 0.502754, 0.504914, 0.507713, 0.511170, 0.515307, 0.520150, 0.525731, 0.532089, 0.539267, 0.547318, 0.556301, 0.566285, 0.577350, 0.589589, 0.603109, 0.618034, 0.634509, 0.652704, 0.672816, 0.695082, 0.719778, 0.747238, 0.777862, 0.812135, 0.850651, 0.838420, 0.819625, 0.802611, 0.787229, 0.773349, 0.760862, 0.749670, 0.739691, 0.730852, 0.723093, 0.716361, 0.710610, 0.705805, 0.701913, 0.698911, 0.696779, 0.695505, 0.695082, 0.695505, 0.696779, 0.698911, 0.701913, 0.705805, 0.710610, 0.716361, 0.723093, 0.730852, 0.739691, 0.749670, 0.760862, 0.773349, 0.787229, 0.802611, 0.819625, 0.838420, 0.850651, 0.812135, 0.777862, 0.747238, 0.719778, 0.695082, 0.672816, 0.652704, 0.634509, 0.618034, 0.603109, 0.589589, 0.577350, 0.566285, 0.556301, 0.547318, 0.539267, 0.532089, 0.525731, 0.520150, 0.515307, 0.511170, 0.507713, 0.504914, 0.502754, 0.501221, 0.500305, 
			0.500000, 0.500305, 0.501221, 0.502754, 0.504914, 0.507713, 0.511170, 0.515307, 0.520150, 0.525731, 0.532089, 0.539267, 0.547318, 0.556301, 0.566285, 0.577350, 0.589589, 0.603109, 0.618034, 0.634509, 0.652704, 0.672816, 0.695082, 0.719778, 0.747238, 0.777862, 0.812135, 0.850651, 0.838420, 0.819625, 0.802611, 0.787229, 0.773349, 0.760862, 0.749670, 0.739691, 0.730852, 0.723093, 0.716361, 0.710610, 0.705805, 0.701913, 0.698911, 0.696779, 0.695505, 0.695082, 0.695505, 0.696779, 0.698911, 0.701913, 0.705805, 0.710610, 0.716361, 0.723093, 0.730852, 0.739691, 0.749670, 0.760862, 0.773349, 0.787229, 0.802611, 0.819625, 0.838420, 0.850651, 0.812135, 0.777862, 0.747238, 0.719778, 0.695082, 0.672816, 0.652704, 0.634509, 0.618034, 0.603109, 0.589589, 0.577350, 0.566285, 0.556301, 0.547318, 0.539267, 0.532089, 0.525731, 0.520150, 0.515307, 0.511170, 0.507713, 0.504914, 0.502754, 0.501221, 0.500305, 
			0.500000, 0.500305, 0.501221, 0.502754, 0.504914, 0.507713, 0.511170, 0.515307, 0.520150, 0.525731, 0.532089, 0.539267, 0.547318, 0.556301, 0.566285, 0.577350, 0.589589, 0.603109, 0.618034, 0.634509, 0.652704, 0.672816, 0.695082, 0.719778, 0.747238, 0.777862, 0.812135, 0.831647, 0.811563, 0.793371, 0.776901, 0.762012, 0.748577, 0.736489, 0.725656, 0.715996, 0.707441, 0.699930, 0.693414, 0.687847, 0.683196, 0.679429, 0.676522, 0.674459, 0.673226, 0.672816, 0.673226, 0.674459, 0.676522, 0.679429, 0.683196, 0.687847, 0.693414, 0.699930, 0.707441, 0.715996, 0.725656, 0.736489, 0.748577, 0.762012, 0.776901, 0.793371, 0.811563, 0.831647, 0.812135, 0.777862, 0.747238, 0.719778, 0.695082, 0.672816, 0.652704, 0.634509, 0.618034, 0.603109, 0.589589, 0.577350, 0.566285, 0.556301, 0.547318, 0.539267, 0.532089, 0.525731, 0.520150, 0.515307, 0.511170, 0.507713, 0.504914, 0.502754, 0.501221, 0.500305, 
			0.500000, 0.500305, 0.501221, 0.502754, 0.504914, 0.507713, 0.511170, 0.515307, 0.520150, 0.525731, 0.532089, 0.539267, 0.547318, 0.556301, 0.566285, 0.577350, 0.589589, 0.603109, 0.618034, 0.634509, 0.652704, 0.672816, 0.695082, 0.719778, 0.747238, 0.777862, 0.812135, 0.806786, 0.787303, 0.769654, 0.753677, 0.739233, 0.726199, 0.714473, 0.703964, 0.694593, 0.686293, 0.679007, 0.672685, 0.667285, 0.662773, 0.659118, 0.656299, 0.654297, 0.653101, 0.652704, 0.653101, 0.654297, 0.656299, 0.659118, 0.662773, 0.667285, 0.672685, 0.679007, 0.686293, 0.694593, 0.703964, 0.714473, 0.726199, 0.739233, 0.753677, 0.769654, 0.787303, 0.806786, 0.812135, 0.777862, 0.747238, 0.719778, 0.695082, 0.672816, 0.652704, 0.634509, 0.618034, 0.603109, 0.589589, 0.577350, 0.566285, 0.556301, 0.547318, 0.539267, 0.532089, 0.525731, 0.520150, 0.515307, 0.511170, 0.507713, 0.504914, 0.502754, 0.501221, 0.500305, 
			0.500000, 0.500305, 0.501221, 0.502754, 0.504914, 0.507713, 0.511170, 0.515307, 0.520150, 0.525731, 0.532089, 0.539267, 0.547318, 0.556301, 0.566285, 0.577350, 0.589589, 0.603109, 0.618034, 0.634509, 0.652704, 0.672816, 0.695082, 0.719778, 0.747238, 0.777862, 0.805204, 0.784296, 0.765356, 0.748199, 0.732668, 0.718626, 0.705956, 0.694557, 0.684340, 0.675230, 0.667162, 0.660079, 0.653934, 0.648684, 0.644297, 0.640745, 0.638004, 0.636059, 0.634896, 0.634509, 0.634896, 0.636059, 0.638004, 0.640745, 0.644297, 0.648684, 0.653934, 0.660079, 0.667162, 0.675230, 0.684340, 0.694557, 0.705956, 0.718626, 0.732668, 0.748199, 0.765356, 0.784296, 0.805204, 0.777862, 0.747238, 0.719778, 0.695082, 0.672816, 0.652704, 0.634509, 0.618034, 0.603109, 0.589589, 0.577350, 0.566285, 0.556301, 0.547318, 0.539267, 0.532089, 0.525731, 0.520150, 0.515307, 0.511170, 0.507713, 0.504914, 0.502754, 0.501221, 0.500305, 
			0.500000, 0.500305, 0.501221, 0.502754, 0.504914, 0.507713, 0.511170, 0.515307, 0.520150, 0.525731, 0.532089, 0.539267, 0.547318, 0.556301, 0.566285, 0.577350, 0.589589, 0.603109, 0.618034, 0.634509, 0.652704, 0.672816, 0.695082, 0.719778, 0.747238, 0.777862, 0.784296, 0.763932, 0.745484, 0.728772, 0.713644, 0.699967, 0.687626, 0.676522, 0.666571, 0.657698, 0.649839, 0.642940, 0.636954, 0.631841, 0.627568, 0.624108, 0.621438, 0.619543, 0.618411, 0.618034, 0.618411, 0.619543, 0.621438, 0.624108, 0.627568, 0.631841, 0.636954, 0.642940, 0.649839, 0.657698, 0.666571, 0.676522, 0.687626, 0.699967, 0.713644, 0.728772, 0.745484, 0.763932, 0.784296, 0.777862, 0.747238, 0.719778, 0.695082, 0.672816, 0.652704, 0.634509, 0.618034, 0.603109, 0.589589, 0.577350, 0.566285, 0.556301, 0.547318, 0.539267, 0.532089, 0.525731, 0.520150, 0.515307, 0.511170, 0.507713, 0.504914, 0.502754, 0.501221, 0.500305, 
			0.500000, 0.500305, 0.501221, 0.502754, 0.504914, 0.507713, 0.511170, 0.515307, 0.520150, 0.525731, 0.532089, 0.539267, 0.547318, 0.556301, 0.566285, 0.577350, 0.589589, 0.603109, 0.618034, 0.634509, 0.652704, 0.672816, 0.695082, 0.719778, 0.747238, 0.777862, 0.765356, 0.745484, 0.727481, 0.711173, 0.696410, 0.683063, 0.671020, 0.660185, 0.650474, 0.641815, 0.634146, 0.627414, 0.621572, 0.616583, 0.612413, 0.609036, 0.606431, 0.604582, 0.603477, 0.603109, 0.603477, 0.604582, 0.606431, 0.609036, 0.612413, 0.616583, 0.621572, 0.627414, 0.634146, 0.641815, 0.650474, 0.660185, 0.671020, 0.683063, 0.696410, 0.711173, 0.727481, 0.745484, 0.765356, 0.777862, 0.747238, 0.719778, 0.695082, 0.672816, 0.652704, 0.634509, 0.618034, 0.603109, 0.589589, 0.577350, 0.566285, 0.556301, 0.547318, 0.539267, 0.532089, 0.525731, 0.520150, 0.515307, 0.511170, 0.507713, 0.504914, 0.502754, 0.501221, 0.500305, 
			0.500000, 0.500305, 0.501221, 0.502754, 0.504914, 0.507713, 0.511170, 0.515307, 0.520150, 0.525731, 0.532089, 0.539267, 0.547318, 0.556301, 0.566285, 0.577350, 0.589589, 0.603109, 0.618034, 0.634509, 0.652704, 0.672816, 0.695082, 0.719778, 0.747238, 0.769654, 0.748199, 0.728772, 0.711173, 0.695231, 0.680799, 0.667751, 0.655978, 0.645386, 0.635892, 0.627428, 0.619931, 0.613349, 0.607639, 0.602761, 0.598685, 0.595383, 0.592837, 0.591029, 0.589949, 0.589589, 0.589949, 0.591029, 0.592837, 0.595383, 0.598685, 0.602761, 0.607639, 0.613349, 0.619931, 0.627428, 0.635892, 0.645386, 0.655978, 0.667751, 0.680799, 0.695231, 0.711173, 0.728772, 0.748199, 0.769654, 0.747238, 0.719778, 0.695082, 0.672816, 0.652704, 0.634509, 0.618034, 0.603109, 0.589589, 0.577350, 0.566285, 0.556301, 0.547318, 0.539267, 0.532089, 0.525731, 0.520150, 0.515307, 0.511170, 0.507713, 0.504914, 0.502754, 0.501221, 0.500305, 
			0.500000, 0.500305, 0.501221, 0.502754, 0.504914, 0.507713, 0.511170, 0.515307, 0.520150, 0.525731, 0.532089, 0.539267, 0.547318, 0.556301, 0.566285, 0.577350, 0.589589, 0.603109, 0.618034, 0.634509, 0.652704, 0.672816, 0.695082, 0.719778, 0.747238, 0.753677, 0.732668, 0.713644, 0.696410, 0.680799, 0.666667, 0.653890, 0.642361, 0.631989, 0.622692, 0.614403, 0.607062, 0.600617, 0.595025, 0.590249, 0.586257, 0.583024, 0.580530, 0.578760, 0.577702, 0.577350, 0.577702, 0.578760, 0.580530, 0.583024, 0.586257, 0.590249, 0.595025, 0.600617, 0.607062, 0.614403, 0.622692, 0.631989, 0.642361, 0.653890, 0.666667, 0.680799, 0.696410, 0.713644, 0.732668, 0.753677, 0.747238, 0.719778, 0.695082, 0.672816, 0.652704, 0.634509, 0.618034, 0.603109, 0.589589, 0.577350, 0.566285, 0.556301, 0.547318, 0.539267, 0.532089, 0.525731, 0.520150, 0.515307, 0.511170, 0.507713, 0.504914, 0.502754, 0.501221, 0.500305, 
			0.500000, 0.500305, 0.501221, 0.502754, 0.504914, 0.507713, 0.511170, 0.515307, 0.520150, 0.525731, 0.532089, 0.539267, 0.547318, 0.556301, 0.566285, 0.577350, 0.589589, 0.603109, 0.618034, 0.634509, 0.652704, 0.672816, 0.695082, 0.719778, 0.747238, 0.739233, 0.718626, 0.699967, 0.683063, 0.667751, 0.653890, 0.641357, 0.630050, 0.619876, 0.610758, 0.602628, 0.595427, 0.589106, 0.583621, 0.578936, 0.575021, 0.571850, 0.569404, 0.567668, 0.566630, 0.566285, 0.566630, 0.567668, 0.569404, 0.571850, 0.575021, 0.578936, 0.583621, 0.589106, 0.595427, 0.602628, 0.610758, 0.619876, 0.630050, 0.641357, 0.653890, 0.667751, 0.683063, 0.699967, 0.718626, 0.739233, 0.747238, 0.719778, 0.695082, 0.672816, 0.652704, 0.634509, 0.618034, 0.603109, 0.589589, 0.577350, 0.566285, 0.556301, 0.547318, 0.539267, 0.532089, 0.525731, 0.520150, 0.515307, 0.511170, 0.507713, 0.504914, 0.502754, 0.501221, 0.500305, 
			0.500000, 0.500305, 0.501221, 0.502754, 0.504914, 0.507713, 0.511170, 0.515307, 0.520150, 0.525731, 0.532089, 0.539267, 0.547318, 0.556301, 0.566285, 0.577350, 0.589589, 0.603109, 0.618034, 0.634509, 0.652704, 0.672816, 0.695082, 0.719778, 0.747238, 0.726199, 0.705956, 0.687626, 0.671020, 0.655978, 0.642361, 0.630050, 0.618942, 0.608947, 0.599990, 0.592003, 0.584929, 0.578720, 0.573331, 0.568729, 0.564883, 0.561768, 0.559365, 0.557659, 0.556640, 0.556301, 0.556640, 0.557659, 0.559365, 0.561768, 0.564883, 0.568729, 0.573331, 0.578720, 0.584929, 0.592003, 0.599990, 0.608947, 0.618942, 0.630050, 0.642361, 0.655978, 0.671020, 0.687626, 0.705956, 0.726199, 0.747238, 0.719778, 0.695082, 0.672816, 0.652704, 0.634509, 0.618034, 0.603109, 0.589589, 0.577350, 0.566285, 0.556301, 0.547318, 0.539267, 0.532089, 0.525731, 0.520150, 0.515307, 0.511170, 0.507713, 0.504914, 0.502754, 0.501221, 0.500305, 
			0.500000, 0.500305, 0.501221, 0.502754, 0.504914, 0.507713, 0.511170, 0.515307, 0.520150, 0.525731, 0.532089, 0.539267, 0.547318, 0.556301, 0.566285, 0.577350, 0.589589, 0.603109, 0.618034, 0.634509, 0.652704, 0.672816, 0.695082, 0.719778, 0.736489, 0.714473, 0.694557, 0.676522, 0.660185, 0.645386, 0.631989, 0.619876, 0.608947, 0.599114, 0.590302, 0.582444, 0.575484, 0.569375, 0.564074, 0.559546, 0.555761, 0.552697, 0.550333, 0.548655, 0.547652, 0.547318, 0.547652, 0.548655, 0.550333, 0.552697, 0.555761, 0.559546, 0.564074, 0.569375, 0.575484, 0.582444, 0.590302, 0.599114, 0.608947, 0.619876, 0.631989, 0.645386, 0.660185, 0.676522, 0.694557, 0.714473, 0.736489, 0.719778, 0.695082, 0.672816, 0.652704, 0.634509, 0.618034, 0.603109, 0.589589, 0.577350, 0.566285, 0.556301, 0.547318, 0.539267, 0.532089, 0.525731, 0.520150, 0.515307, 0.511170, 0.507713, 0.504914, 0.502754, 0.501221, 0.500305, 
			0.500000, 0.500305, 0.501221, 0.502754, 0.504914, 0.507713, 0.511170, 0.515307, 0.520150, 0.525731, 0.532089, 0.539267, 0.547318, 0.556301, 0.566285, 0.577350, 0.589589, 0.603109, 0.618034, 0.634509, 0.652704, 0.672816, 0.695082, 0.719778, 0.725656, 0.703964, 0.684340, 0.666571, 0.650474, 0.635892, 0.622692, 0.610758, 0.599990, 0.590302, 0.581619, 0.573876, 0.567019, 0.561000, 0.555776, 0.551315, 0.547586, 0.544567, 0.542238, 0.540584, 0.539596, 0.539267, 0.539596, 0.540584, 0.542238, 0.544567, 0.547586, 0.551315, 0.555776, 0.561000, 0.567019, 0.573876, 0.581619, 0.590302, 0.599990, 0.610758, 0.622692, 0.635892, 0.650474, 0.666571, 0.684340, 0.703964, 0.725656, 0.719778, 0.695082, 0.672816, 0.652704, 0.634509, 0.618034, 0.603109, 0.589589, 0.577350, 0.566285, 0.556301, 0.547318, 0.539267, 0.532089, 0.525731, 0.520150, 0.515307, 0.511170, 0.507713, 0.504914, 0.502754, 0.501221, 0.500305, 
			0.500000, 0.500305, 0.501221, 0.502754, 0.504914, 0.507713, 0.511170, 0.515307, 0.520150, 0.525731, 0.532089, 0.539267, 0.547318, 0.556301, 0.566285, 0.577350, 0.589589, 0.603109, 0.618034, 0.634509, 0.652704, 0.672816, 0.695082, 0.719778, 0.715996, 0.694593, 0.675230, 0.657698, 0.641815, 0.627428, 0.614403, 0.602628, 0.592003, 0.582444, 0.573876, 0.566237, 0.559471, 0.553532, 0.548378, 0.543976, 0.540297, 0.537318, 0.535020, 0.533388, 0.532413, 0.532089, 0.532413, 0.533388, 0.535020, 0.537318, 0.540297, 0.543976, 0.548378, 0.553532, 0.559471, 0.566237, 0.573876, 0.582444, 0.592003, 0.602628, 0.614403, 0.627428, 0.641815, 0.657698, 0.675230, 0.694593, 0.715996, 0.719778, 0.695082, 0.672816, 0.652704, 0.634509, 0.618034, 0.603109, 0.589589, 0.577350, 0.566285, 0.556301, 0.547318, 0.539267, 0.532089, 0.525731, 0.520150, 0.515307, 0.511170, 0.507713, 0.504914, 0.502754, 0.501221, 0.500305, 
			0.500000, 0.500305, 0.501221, 0.502754, 0.504914, 0.507713, 0.511170, 0.515307, 0.520150, 0.525731, 0.532089, 0.539267, 0.547318, 0.556301, 0.566285, 0.577350, 0.589589, 0.603109, 0.618034, 0.634509, 0.652704, 0.672816, 0.695082, 0.719778, 0.707441, 0.686293, 0.667162, 0.649839, 0.634146, 0.619931, 0.607062, 0.595427, 0.584929, 0.575484, 0.567019, 0.559471, 0.552786, 0.546918, 0.541826, 0.537476, 0.533841, 0.530898, 0.528627, 0.527015, 0.526052, 0.525731, 0.526052, 0.527015, 0.528627, 0.530898, 0.533841, 0.537476, 0.541826, 0.546918, 0.552786, 0.559471, 0.567019, 0.575484, 0.584929, 0.595427, 0.607062, 0.619931, 0.634146, 0.649839, 0.667162, 0.686293, 0.707441, 0.719778, 0.695082, 0.672816, 0.652704, 0.634509, 0.618034, 0.603109, 0.589589, 0.577350, 0.566285, 0.556301, 0.547318, 0.539267, 0.532089, 0.525731, 0.520150, 0.515307, 0.511170, 0.507713, 0.504914, 0.502754, 0.501221, 0.500305, 
			0.500000, 0.500305, 0.501221, 0.502754, 0.504914, 0.507713, 0.511170, 0.515307, 0.520150, 0.525731, 0.532089, 0.539267, 0.547318, 0.556301, 0.566285, 0.577350, 0.589589, 0.603109, 0.618034, 0.634509, 0.652704, 0.672816, 0.695082, 0.719778, 0.699930, 0.679007, 0.660079, 0.642940, 0.627414, 0.613349, 0.600617, 0.589106, 0.578720, 0.569375, 0.561000, 0.553532, 0.546918, 0.541111, 0.536073, 0.531770, 0.528174, 0.525262, 0.523015, 0.521420, 0.520467, 0.520150, 0.520467, 0.521420, 0.523015, 0.525262, 0.528174, 0.531770, 0.536073, 0.541111, 0.546918, 0.553532, 0.561000, 0.569375, 0.578720, 0.589106, 0.600617, 0.613349, 0.627414, 0.642940, 0.660079, 0.679007, 0.699930, 0.719778, 0.695082, 0.672816, 0.652704, 0.634509, 0.618034, 0.603109, 0.589589, 0.577350, 0.566285, 0.556301, 0.547318, 0.539267, 0.532089, 0.525731, 0.520150, 0.515307, 0.511170, 0.507713, 0.504914, 0.502754, 0.501221, 0.500305, 
			0.500000, 0.500305, 0.501221, 0.502754, 0.504914, 0.507713, 0.511170, 0.515307, 0.520150, 0.525731, 0.532089, 0.539267, 0.547318, 0.556301, 0.566285, 0.577350, 0.589589, 0.603109, 0.618034, 0.634509, 0.652704, 0.672816, 0.695082, 0.716361, 0.693414, 0.672685, 0.653934, 0.636954, 0.621572, 0.607639, 0.595025, 0.583621, 0.573331, 0.564074, 0.555776, 0.548378, 0.541826, 0.536073, 0.531082, 0.526819, 0.523256, 0.520371, 0.518145, 0.516565, 0.515621, 0.515307, 0.515621, 0.516565, 0.518145, 0.520371, 0.523256, 0.526819, 0.531082, 0.536073, 0.541826, 0.548378, 0.555776, 0.564074, 0.573331, 0.583621, 0.595025, 0.607639, 0.621572, 0.636954, 0.653934, 0.672685, 0.693414, 0.716361, 0.695082, 0.672816, 0.652704, 0.634509, 0.618034, 0.603109, 0.589589, 0.577350, 0.566285, 0.556301, 0.547318, 0.539267, 0.532089, 0.525731, 0.520150, 0.515307, 0.511170, 0.507713, 0.504914, 0.502754, 0.501221, 0.500305, 
			0.500000, 0.500305, 0.501221, 0.502754, 0.504914, 0.507713, 0.511170, 0.515307, 0.520150, 0.525731, 0.532089, 0.539267, 0.547318, 0.556301, 0.566285, 0.577350, 0.589589, 0.603109, 0.618034, 0.634509, 0.652704, 0.672816, 0.695082, 0.710610, 0.687847, 0.667285, 0.648684, 0.631841, 0.616583, 0.602761, 0.590249, 0.578936, 0.568729, 0.559546, 0.551315, 0.543976, 0.537476, 0.531770, 0.526819, 0.522590, 0.519056, 0.516194, 0.513986, 0.512419, 0.511482, 0.511170, 0.511482, 0.512419, 0.513986, 0.516194, 0.519056, 0.522590, 0.526819, 0.531770, 0.537476, 0.543976, 0.551315, 0.559546, 0.568729, 0.578936, 0.590249, 0.602761, 0.616583, 0.631841, 0.648684, 0.667285, 0.687847, 0.710610, 0.695082, 0.672816, 0.652704, 0.634509, 0.618034, 0.603109, 0.589589, 0.577350, 0.566285, 0.556301, 0.547318, 0.539267, 0.532089, 0.525731, 0.520150, 0.515307, 0.511170, 0.507713, 0.504914, 0.502754, 0.501221, 0.500305, 
			0.500000, 0.500305, 0.501221, 0.502754, 0.504914, 0.507713, 0.511170, 0.515307, 0.520150, 0.525731, 0.532089, 0.539267, 0.547318, 0.556301, 0.566285, 0.577350, 0.589589, 0.603109, 0.618034, 0.634509, 0.652704, 0.672816, 0.695082, 0.705805, 0.683196, 0.662773, 0.644297, 0.627568, 0.612413, 0.598685, 0.586257, 0.575021, 0.564883, 0.555761, 0.547586, 0.540297, 0.533841, 0.528174, 0.523256, 0.519056, 0.515546, 0.512703, 0.510510, 0.508953, 0.508023, 0.507713, 0.508023, 0.508953, 0.510510, 0.512703, 0.515546, 0.519056, 0.523256, 0.528174, 0.533841, 0.540297, 0.547586, 0.555761, 0.564883, 0.575021, 0.586257, 0.598685, 0.612413, 0.627568, 0.644297, 0.662773, 0.683196, 0.705805, 0.695082, 0.672816, 0.652704, 0.634509, 0.618034, 0.603109, 0.589589, 0.577350, 0.566285, 0.556301, 0.547318, 0.539267, 0.532089, 0.525731, 0.520150, 0.515307, 0.511170, 0.507713, 0.504914, 0.502754, 0.501221, 0.500305, 
			0.500000, 0.500305, 0.501221, 0.502754, 0.504914, 0.507713, 0.511170, 0.515307, 0.520150, 0.525731, 0.532089, 0.539267, 0.547318, 0.556301, 0.566285, 0.577350, 0.589589, 0.603109, 0.618034, 0.634509, 0.652704, 0.672816, 0.695082, 0.701913, 0.679429, 0.659118, 0.640745, 0.624108, 0.609036, 0.595383, 0.583024, 0.571850, 0.561768, 0.552697, 0.544567, 0.537318, 0.530898, 0.525262, 0.520371, 0.516194, 0.512703, 0.509876, 0.507695, 0.506147, 0.505222, 0.504914, 0.505222, 0.506147, 0.507695, 0.509876, 0.512703, 0.516194, 0.520371, 0.525262, 0.530898, 0.537318, 0.544567, 0.552697, 0.561768, 0.571850, 0.583024, 0.595383, 0.609036, 0.624108, 0.640745, 0.659118, 0.679429, 0.701913, 0.695082, 0.672816, 0.652704, 0.634509, 0.618034, 0.603109, 0.589589, 0.577350, 0.566285, 0.556301, 0.547318, 0.539267, 0.532089, 0.525731, 0.520150, 0.515307, 0.511170, 0.507713, 0.504914, 0.502754, 0.501221, 0.500305, 
			0.500000, 0.500305, 0.501221, 0.502754, 0.504914, 0.507713, 0.511170, 0.515307, 0.520150, 0.525731, 0.532089, 0.539267, 0.547318, 0.556301, 0.566285, 0.577350, 0.589589, 0.603109, 0.618034, 0.634509, 0.652704, 0.672816, 0.695082, 0.698911, 0.676522, 0.656299, 0.638004, 0.621438, 0.606431, 0.592837, 0.580530, 0.569404, 0.559365, 0.550333, 0.542238, 0.535020, 0.528627, 0.523015, 0.518145, 0.513986, 0.510510, 0.507695, 0.505523, 0.503982, 0.503061, 0.502754, 0.503061, 0.503982, 0.505523, 0.507695, 0.510510, 0.513986, 0.518145, 0.523015, 0.528627, 0.535020, 0.542238, 0.550333, 0.559365, 0.569404, 0.580530, 0.592837, 0.606431, 0.621438, 0.638004, 0.656299, 0.676522, 0.698911, 0.695082, 0.672816, 0.652704, 0.634509, 0.618034, 0.603109, 0.589589, 0.577350, 0.566285, 0.556301, 0.547318, 0.539267, 0.532089, 0.525731, 0.520150, 0.515307, 0.511170, 0.507713, 0.504914, 0.502754, 0.501221, 0.500305, 
