using System;
using System.Windows.Media;
using System.Windows.Media.Media3D;

namespace MakerLib.MorphableModel
{
    public partial class MorphablePrimitivesGenerator
    {
        public static double [,] GenerateDice()
        {
            // resolution 1.5 degrees
            double [,] distances =
            {
			{ 0.5, 0.500171396245434, 0.500686172998961, 0.501546099241413, 0.502754139781758, 0.504314480290076, 0.506232562894001, 0.508515132905633, 0.511170297432515, 0.514207596832604, 0.517638090205041, 0.521474456372901, 0.525731112119134, 0.530424349792499, 0.535572496818514, 0.541196100146197, 0.547318139253023, 0.553964272041233, 0.56116311881718, 0.568946590588665, 0.577350269189626, 0.586413848307004, 0.596181646417974, 0.606703205046824, 0.618033988749895, 0.630236207005132, 0.643379782946584, 0.657543499945392, 0.672816364803188, 0.689299236340858, 0.707106781186547, 0.689299236340858, 0.672816364803188, 0.657543499945392, 0.643379782946584, 0.630236207005132, 0.618033988749895, 0.606703205046824, 0.596181646417974, 0.586413848307004, 0.577350269189626, 0.568946590588665, 0.56116311881718, 0.553964272041233, 0.547318139253023, 0.541196100146197, 0.535572496818514, 0.530424349792499, 0.525731112119134, 0.521474456372901, 0.517638090205041, 0.514207596832604, 0.511170297432515, 0.508515132905633, 0.506232562894001, 0.504314480290076, 0.502754139781758, 0.501546099241413, 0.500686172998961, 0.500171396245434, 0.5, 0.500171396245434, 0.500686172998961, 0.501546099241413, 0.502754139781758, 0.504314480290076, 0.506232562894001, 0.508515132905633, 0.511170297432515, 0.514207596832604, 0.517638090205041, 0.521474456372901, 0.525731112119134, 0.530424349792499, 0.535572496818514, 0.541196100146197, 0.547318139253023, 0.553964272041233, 0.56116311881718, 0.568946590588665, 0.577350269189626, 0.586413848307004, 0.596181646417974, 0.606703205046824, 0.618033988749895, 0.630236207005132, 0.643379782946584, 0.657543499945392, 0.672816364803188, 0.689299236340858, 0.707106781186547, 0.689299236340858, 0.672816364803188, 0.657543499945392, 0.643379782946584, 0.630236207005132, 0.618033988749895, 0.606703205046824, 0.596181646417974, 0.586413848307004, 0.577350269189626, 0.568946590588665, 0.56116311881718, 0.553964272041233, 0.547318139253023, 0.541196100146197, 0.535572496818514, 0.530424349792499, 0.525731112119134, 0.521474456372901, 0.517638090205041, 0.514207596832604, 0.511170297432515, 0.508515132905633, 0.506232562894001, 0.504314480290076, 0.502754139781758, 0.501546099241413, 0.500686172998961, 0.500171396245434, 0.5,  },
			{ 0.5, 0.500171396245434, 0.50068617299896, 0.501546099241413, 0.502754139781758, 0.504314480290076, 0.506232562894001, 0.508515132905633, 0.511170297432515, 0.514207596832604, 0.517638090205041, 0.521474456372901, 0.525731112119134, 0.530424349792499, 0.535572496818514, 0.541196100146197, 0.547318139253023, 0.553964272041233, 0.56116311881718, 0.568946590588665, 0.577350269189626, 0.586413848307004, 0.596181646417974, 0.606703205046824, 0.618033988749895, 0.630236207005132, 0.643379782946584, 0.657543499945392, 0.672816364803188, 0.689299236340858, 0.707106781186548, 0.689535522943036, 0.673047001200776, 0.657768900919593, 0.643600328704954, 0.630452247244367, 0.61824584616034, 0.606911178349699, 0.596386013009559, 0.586614866570745, 0.577548180526505, 0.569141621207624, 0.561355481320463, 0.554154166833898, 0.547505755801275, 0.541381618105414, 0.535756087048739, 0.530606175276581, 0.525911328796584, 0.521653213900725, 0.517815532655351, 0.514383863335546, 0.511345522772029, 0.508689448074686, 0.506406095615194, 0.504487355506956, 0.502926480125628, 0.501718025478057, 0.500857804459346, 0.500342851244214, 0.500171396245434, 0.500342851244214, 0.500857804459346, 0.501718025478057, 0.502926480125628, 0.504487355506956, 0.506406095615194, 0.508689448074686, 0.511345522772029, 0.514383863335546, 0.517815532655351, 0.521653213900725, 0.525911328796584, 0.530606175276581, 0.535756087048739, 0.541381618105414, 0.547505755801275, 0.554154166833898, 0.561355481320463, 0.569141621207624, 0.577548180526505, 0.586614866570745, 0.596386013009559, 0.606911178349699, 0.61824584616034, 0.630452247244367, 0.643600328704954, 0.657768900919593, 0.673047001200776, 0.689535522943036, 0.707106781186548, 0.689299236340858, 0.672816364803188, 0.657543499945392, 0.643379782946584, 0.630236207005132, 0.618033988749895, 0.606703205046824, 0.596181646417974, 0.586413848307004, 0.577350269189626, 0.568946590588665, 0.56116311881718, 0.553964272041233, 0.547318139253023, 0.541196100146197, 0.535572496818514, 0.530424349792499, 0.525731112119134, 0.521474456372901, 0.517638090205041, 0.514207596832604, 0.511170297432515, 0.508515132905633, 0.506232562894001, 0.504314480290076, 0.502754139781758, 0.501546099241413, 0.50068617299896, 0.500171396245434, 0.5,  },
			{ 0.5, 0.500171396245434, 0.50068617299896, 0.501546099241413, 0.502754139781758, 0.504314480290076, 0.506232562894001, 0.508515132905633, 0.511170297432515, 0.514207596832604, 0.517638090205041, 0.521474456372901, 0.525731112119134, 0.530424349792499, 0.535572496818514, 0.541196100146197, 0.547318139253023, 0.553964272041233, 0.56116311881718, 0.568946590588665, 0.577350269189626, 0.586413848307004, 0.596181646417974, 0.606703205046824, 0.618033988749895, 0.630236207005132, 0.643379782946584, 0.657543499945392, 0.672816364803188, 0.689299236340858, 0.707106781186548, 0.69024519338922, 0.673739701648761, 0.658445877136001, 0.644262722616854, 0.631101109141561, 0.618882145220935, 0.607535811762195, 0.596999813914469, 0.587218611004854, 0.578142593520947, 0.56972738216529, 0.56193322877747, 0.55472450269296, 0.548069249111017, 0.541938808448323, 0.53630748759112, 0.531152275526136, 0.526452597106833, 0.522190099756122, 0.518348468766506, 0.514913267570218, 0.511871799944452, 0.509212991613158, 0.506927289125706, 0.505006574248796, 0.503444092413426, 0.50223439402348, 0.50137328766469, 0.500857804459346, 0.500686172998961, 0.500857804459346, 0.50137328766469, 0.50223439402348, 0.503444092413426, 0.505006574248796, 0.506927289125706, 0.509212991613158, 0.511871799944452, 0.514913267570218, 0.518348468766506, 0.522190099756122, 0.526452597106833, 0.531152275526136, 0.53630748759112, 0.541938808448323, 0.548069249111017, 0.55472450269296, 0.56193322877747, 0.56972738216529, 0.578142593520947, 0.587218611004854, 0.596999813914469, 0.607535811762195, 0.618882145220935, 0.631101109141561, 0.644262722616854, 0.658445877136001, 0.673739701648761, 0.69024519338922, 0.707106781186548, 0.689299236340858, 0.672816364803188, 0.657543499945392, 0.643379782946584, 0.630236207005132, 0.618033988749895, 0.606703205046824, 0.596181646417974, 0.586413848307004, 0.577350269189626, 0.568946590588665, 0.56116311881718, 0.553964272041233, 0.547318139253023, 0.541196100146197, 0.535572496818514, 0.530424349792499, 0.525731112119134, 0.521474456372901, 0.517638090205041, 0.514207596832604, 0.511170297432515, 0.508515132905633, 0.506232562894001, 0.504314480290076, 0.502754139781758, 0.501546099241413, 0.50068617299896, 0.500171396245434, 0.5,  },
			{ 0.5, 0.500171396245434, 0.50068617299896, 0.501546099241413, 0.502754139781758, 0.504314480290076, 0.506232562894001, 0.508515132905633, 0.511170297432515, 0.514207596832604, 0.517638090205042, 0.521474456372901, 0.525731112119134, 0.530424349792499, 0.535572496818514, 0.541196100146197, 0.547318139253023, 0.553964272041233, 0.561163118817181, 0.568946590588665, 0.577350269189626, 0.586413848307004, 0.596181646417974, 0.606703205046824, 0.618033988749895, 0.630236207005132, 0.643379782946584, 0.657543499945392, 0.672816364803188, 0.689299236340858, 0.707106781186548, 0.691430686393684, 0.674896846545653, 0.659576754958315, 0.645369240935292, 0.632185022448255, 0.619945072512242, 0.608579251776995, 0.598025158400516, 0.588227156319047, 0.579135550816073, 0.570705886372892, 0.562898346561804, 0.555677239522779, 0.549010555572845, 0.54286958590598, 0.53722859328062, 0.532064527162181, 0.527356777066403, 0.52308695889573, 0.519238729922226, 0.515797628783388, 0.512750937450701, 0.510087562628097, 0.507797934456939, 0.505873920760896, 0.504308755370026, 0.503096979328554, 0.50223439402348, 0.501718025478057, 0.501546099241413, 0.501718025478057, 0.50223439402348, 0.503096979328554, 0.504308755370026, 0.505873920760896, 0.507797934456939, 0.510087562628097, 0.512750937450701, 0.515797628783388, 0.519238729922226, 0.52308695889573, 0.527356777066403, 0.532064527162181, 0.53722859328062, 0.54286958590598, 0.549010555572845, 0.555677239522779, 0.562898346561804, 0.570705886372892, 0.579135550816073, 0.588227156319047, 0.598025158400516, 0.608579251776995, 0.619945072512242, 0.632185022448255, 0.645369240935292, 0.659576754958315, 0.674896846545653, 0.691430686393684, 0.707106781186548, 0.689299236340858, 0.672816364803188, 0.657543499945392, 0.643379782946584, 0.630236207005132, 0.618033988749895, 0.606703205046824, 0.596181646417974, 0.586413848307004, 0.577350269189626, 0.568946590588665, 0.561163118817181, 0.553964272041233, 0.547318139253023, 0.541196100146197, 0.535572496818514, 0.530424349792499, 0.525731112119134, 0.521474456372901, 0.517638090205042, 0.514207596832604, 0.511170297432515, 0.508515132905633, 0.506232562894001, 0.504314480290076, 0.502754139781758, 0.501546099241413, 0.50068617299896, 0.500171396245434, 0.5,  },
			{ 0.5, 0.500171396245434, 0.50068617299896, 0.501546099241413, 0.502754139781758, 0.504314480290076, 0.506232562894002, 0.508515132905633, 0.511170297432515, 0.514207596832604, 0.517638090205041, 0.521474456372901, 0.525731112119134, 0.530424349792499, 0.535572496818514, 0.541196100146197, 0.547318139253023, 0.553964272041233, 0.56116311881718, 0.568946590588665, 0.577350269189626, 0.586413848307004, 0.596181646417974, 0.606703205046824, 0.618033988749895, 0.630236207005132, 0.643379782946584, 0.657543499945392, 0.672816364803188, 0.689299236340858, 0.707106781186548, 0.693096089237542, 0.676522425435433, 0.661165433368265, 0.646923698656568, 0.633707724224367, 0.621438292739684, 0.610045095912303, 0.599465581597081, 0.589643979723397, 0.580530475878394, 0.572080507466337, 0.56425416215636, 0.557015662119836, 0.550332920574213, 0.544177159564487, 0.538522579857521, 0.533346075398452, 0.528626986059924, 0.524346883463836, 0.520489385518616, 0.517039996029642, 0.513985966335339, 0.511316176419956, 0.509021033374577, 0.507092385435444, 0.505523450135391, 0.504308755370026, 0.503444092413426, 0.502926480125628, 0.502754139781758, 0.502926480125628, 0.503444092413426, 0.504308755370026, 0.505523450135391, 0.507092385435444, 0.509021033374577, 0.511316176419956, 0.513985966335339, 0.517039996029642, 0.520489385518616, 0.524346883463836, 0.528626986059924, 0.533346075398452, 0.538522579857521, 0.544177159564487, 0.550332920574213, 0.557015662119836, 0.56425416215636, 0.572080507466337, 0.580530475878394, 0.589643979723397, 0.599465581597081, 0.610045095912303, 0.621438292739684, 0.633707724224367, 0.646923698656568, 0.661165433368265, 0.676522425435433, 0.693096089237542, 0.707106781186548, 0.689299236340858, 0.672816364803188, 0.657543499945392, 0.643379782946584, 0.630236207005132, 0.618033988749895, 0.606703205046824, 0.596181646417974, 0.586413848307004, 0.577350269189626, 0.568946590588665, 0.56116311881718, 0.553964272041233, 0.547318139253023, 0.541196100146197, 0.535572496818514, 0.530424349792499, 0.525731112119134, 0.521474456372901, 0.517638090205041, 0.514207596832604, 0.511170297432515, 0.508515132905633, 0.506232562894002, 0.504314480290076, 0.502754139781758, 0.501546099241413, 0.50068617299896, 0.500171396245434, 0.5,  },
			{ 0.5, 0.500171396245434, 0.500686172998961, 0.501546099241413, 0.502754139781758, 0.504314480290076, 0.506232562894001, 0.508515132905633, 0.511170297432515, 0.514207596832604, 0.517638090205041, 0.521474456372901, 0.525731112119134, 0.530424349792499, 0.535572496818514, 0.541196100146197, 0.547318139253023, 0.553964272041233, 0.56116311881718, 0.568946590588665, 0.577350269189626, 0.586413848307004, 0.596181646417974, 0.606703205046824, 0.618033988749895, 0.630236207005132, 0.643379782946584, 0.657543499945392, 0.672816364803188, 0.689299236340858, 0.707106781186548, 0.695247172279173, 0.678622070692757, 0.663217416886157, 0.648931481731697, 0.635674490391565, 0.623366979676012, 0.611938423087025, 0.601326074343525, 0.591473990287701, 0.582332201903404, 0.573856008291067, 0.566005373248489, 0.55874440790749, 0.55204092590144, 0.545866059960491, 0.540193930781376, 0.535001360597611, 0.530267625161369, 0.525974238900499, 0.522104768880206, 0.518644673915688, 0.515581165778805, 0.512903089941886, 0.510600823723603, 0.5086661900605, 0.507092385435444, 0.505873920760896, 0.505006574248796, 0.504487355506956, 0.504314480290076, 0.504487355506956, 0.505006574248796, 0.505873920760896, 0.507092385435444, 0.5086661900605, 0.510600823723603, 0.512903089941886, 0.515581165778805, 0.518644673915688, 0.522104768880206, 0.525974238900499, 0.530267625161369, 0.535001360597611, 0.540193930781376, 0.545866059960491, 0.55204092590144, 0.55874440790749, 0.566005373248489, 0.573856008291067, 0.582332201903404, 0.591473990287701, 0.601326074343525, 0.611938423087025, 0.623366979676012, 0.635674490391565, 0.648931481731697, 0.663217416886157, 0.678622070692757, 0.695247172279173, 0.707106781186548, 0.689299236340858, 0.672816364803188, 0.657543499945392, 0.643379782946584, 0.630236207005132, 0.618033988749895, 0.606703205046824, 0.596181646417974, 0.586413848307004, 0.577350269189626, 0.568946590588665, 0.56116311881718, 0.553964272041233, 0.547318139253023, 0.541196100146197, 0.535572496818514, 0.530424349792499, 0.525731112119134, 0.521474456372901, 0.517638090205041, 0.514207596832604, 0.511170297432515, 0.508515132905633, 0.506232562894001, 0.504314480290076, 0.502754139781758, 0.501546099241413, 0.500686172998961, 0.500171396245434, 0.5,  },
			{ 0.5, 0.500171396245434, 0.500686172998961, 0.501546099241413, 0.502754139781758, 0.504314480290076, 0.506232562894001, 0.508515132905633, 0.511170297432515, 0.514207596832604, 0.517638090205042, 0.521474456372901, 0.525731112119134, 0.530424349792499, 0.535572496818515, 0.541196100146197, 0.547318139253023, 0.553964272041233, 0.56116311881718, 0.568946590588665, 0.577350269189626, 0.586413848307004, 0.596181646417974, 0.606703205046824, 0.618033988749895, 0.630236207005132, 0.643379782946584, 0.657543499945392, 0.672816364803188, 0.689299236340858, 0.707106781186548, 0.697891438027421, 0.681203105422687, 0.665739862383295, 0.651399592870471, 0.638092180601605, 0.625737860160923, 0.614265836813717, 0.603613125633072, 0.593723570689978, 0.584547012918812, 0.576038581407008, 0.568158087680825, 0.560869506374287, 0.554140528704868, 0.547942177610496, 0.542248475359952, 0.537036156033682, 0.532284416562365, 0.52797470106682, 0.524090514112109, 0.520617259208269, 0.517542099489102, 0.514853838002404, 0.512542815468458, 0.510600823723603, 0.509021033374577, 0.507797934456939, 0.506927289125706, 0.506406095615194, 0.506232562894001, 0.506406095615194, 0.506927289125706, 0.507797934456939, 0.509021033374577, 0.510600823723603, 0.512542815468458, 0.514853838002404, 0.517542099489102, 0.520617259208269, 0.524090514112109, 0.52797470106682, 0.532284416562365, 0.537036156033682, 0.542248475359952, 0.547942177610496, 0.554140528704868, 0.560869506374287, 0.568158087680825, 0.576038581407008, 0.584547012918812, 0.593723570689978, 0.603613125633072, 0.614265836813717, 0.625737860160923, 0.638092180601605, 0.651399592870471, 0.665739862383295, 0.681203105422687, 0.697891438027421, 0.707106781186548, 0.689299236340858, 0.672816364803188, 0.657543499945392, 0.643379782946584, 0.630236207005132, 0.618033988749895, 0.606703205046824, 0.596181646417974, 0.586413848307004, 0.577350269189626, 0.568946590588665, 0.56116311881718, 0.553964272041233, 0.547318139253023, 0.541196100146197, 0.535572496818515, 0.530424349792499, 0.525731112119134, 0.521474456372901, 0.517638090205042, 0.514207596832604, 0.511170297432515, 0.508515132905633, 0.506232562894001, 0.504314480290076, 0.502754139781758, 0.501546099241413, 0.500686172998961, 0.500171396245434, 0.5,  },
			{ 0.5, 0.500171396245434, 0.500686172998961, 0.501546099241413, 0.502754139781758, 0.504314480290076, 0.506232562894002, 0.508515132905633, 0.511170297432515, 0.514207596832604, 0.517638090205041, 0.521474456372901, 0.525731112119134, 0.530424349792499, 0.535572496818514, 0.541196100146197, 0.547318139253023, 0.553964272041233, 0.56116311881718, 0.568946590588665, 0.577350269189626, 0.586413848307004, 0.596181646417974, 0.606703205046824, 0.618033988749895, 0.630236207005132, 0.643379782946584, 0.657543499945392, 0.672816364803188, 0.689299236340858, 0.707106781186548, 0.701038185559245, 0.684274606337956, 0.668741640531932, 0.654336711667758, 0.640969297134313, 0.628559271858702, 0.617035521897318, 0.60633477832827, 0.59640063201908, 0.587182697740131, 0.578635902258803, 0.570719875894116, 0.56339843084404, 0.55663911264783, 0.550412813587707, 0.544693438800537, 0.539457617462232, 0.534684452703775, 0.530355304978717, 0.526453604475269, 0.522964688888836, 0.519875663472614, 0.517175280788067, 0.514853838002404, 0.512903089941886, 0.511316176419956, 0.510087562628097, 0.509212991613158, 0.508689448074686, 0.508515132905633, 0.508689448074686, 0.509212991613158, 0.510087562628097, 0.511316176419956, 0.512903089941886, 0.514853838002404, 0.517175280788067, 0.519875663472614, 0.522964688888836, 0.526453604475269, 0.530355304978717, 0.534684452703775, 0.539457617462232, 0.544693438800537, 0.550412813587707, 0.55663911264783, 0.56339843084404, 0.570719875894116, 0.578635902258803, 0.587182697740131, 0.59640063201908, 0.60633477832827, 0.617035521897318, 0.628559271858702, 0.640969297134313, 0.654336711667758, 0.668741640531932, 0.684274606337956, 0.701038185559245, 0.707106781186548, 0.689299236340858, 0.672816364803188, 0.657543499945392, 0.643379782946584, 0.630236207005132, 0.618033988749895, 0.606703205046824, 0.596181646417974, 0.586413848307004, 0.577350269189626, 0.568946590588665, 0.56116311881718, 0.553964272041233, 0.547318139253023, 0.541196100146197, 0.535572496818514, 0.530424349792499, 0.525731112119134, 0.521474456372901, 0.517638090205041, 0.514207596832604, 0.511170297432515, 0.508515132905633, 0.506232562894002, 0.504314480290076, 0.502754139781758, 0.501546099241413, 0.500686172998961, 0.500171396245434, 0.5,  },
			{ 0.5, 0.500171396245434, 0.500686172998961, 0.501546099241413, 0.502754139781758, 0.504314480290076, 0.506232562894002, 0.508515132905633, 0.511170297432515, 0.514207596832604, 0.517638090205041, 0.521474456372901, 0.525731112119134, 0.530424349792499, 0.535572496818514, 0.541196100146197, 0.547318139253023, 0.553964272041233, 0.56116311881718, 0.568946590588665, 0.577350269189626, 0.586413848307004, 0.596181646417974, 0.606703205046824, 0.618033988749895, 0.630236207005132, 0.643379782946584, 0.657543499945392, 0.672816364803188, 0.689299236340858, 0.707106781186548, 0.704698591320723, 0.687847482627818, 0.672233412883806, 0.657753270021744, 0.644316058775107, 0.631841235705374, 0.620257315554089, 0.609500699046564, 0.599514682515274, 0.590248617648807, 0.581657195868846, 0.573699836707871, 0.566340163412607, 0.559545552064357, 0.553286742962097, 0.547537504990789, 0.542274345297759, 0.537476257902928, 0.533124505935189, 0.52920243306502, 0.525695300429962, 0.522590145954491, 0.519875663472614, 0.517542099489102, 0.515581165778805, 0.513985966335339, 0.512750937450701, 0.511871799944452, 0.511345522772029, 0.511170297432515, 0.511345522772029, 0.511871799944452, 0.512750937450701, 0.513985966335339, 0.515581165778805, 0.517542099489102, 0.519875663472614, 0.522590145954491, 0.525695300429962, 0.52920243306502, 0.533124505935189, 0.537476257902928, 0.542274345297759, 0.547537504990789, 0.553286742962097, 0.559545552064357, 0.566340163412607, 0.573699836707871, 0.581657195868846, 0.590248617648807, 0.599514682515274, 0.609500699046564, 0.620257315554089, 0.631841235705374, 0.644316058775107, 0.657753270021744, 0.672233412883806, 0.687847482627818, 0.704698591320723, 0.707106781186548, 0.689299236340858, 0.672816364803188, 0.657543499945392, 0.643379782946584, 0.630236207005132, 0.618033988749895, 0.606703205046824, 0.596181646417974, 0.586413848307004, 0.577350269189626, 0.568946590588665, 0.56116311881718, 0.553964272041233, 0.547318139253023, 0.541196100146197, 0.535572496818514, 0.530424349792499, 0.525731112119134, 0.521474456372901, 0.517638090205041, 0.514207596832604, 0.511170297432515, 0.508515132905633, 0.506232562894002, 0.504314480290076, 0.502754139781758, 0.501546099241413, 0.500686172998961, 0.500171396245434, 0.5,  },
			{ 0.5, 0.500171396245434, 0.50068617299896, 0.501546099241413, 0.502754139781758, 0.504314480290076, 0.506232562894002, 0.508515132905633, 0.511170297432515, 0.514207596832604, 0.517638090205041, 0.521474456372901, 0.525731112119134, 0.530424349792499, 0.535572496818514, 0.541196100146197, 0.547318139253023, 0.553964272041233, 0.56116311881718, 0.568946590588665, 0.577350269189626, 0.586413848307004, 0.596181646417974, 0.606703205046824, 0.618033988749895, 0.630236207005132, 0.643379782946584, 0.657543499945392, 0.672816364803188, 0.689299236340858, 0.707106781186548, 0.708885807634764, 0.691934572110192, 0.67622772583964, 0.661661544079291, 0.64814449088201, 0.635595544231904, 0.623942794115532, 0.613122263360583, 0.603076911374608, 0.593755788901309, 0.585113318145402, 0.577108677516143, 0.569705274114891, 0.56287029017638, 0.556574292142707, 0.550790893037372, 0.545496460416595, 0.540669863485824, 0.536292254042196, 0.532346876786706, 0.528818905280724, 0.525695300429962, 0.522964688888836, 0.520617259208269, 0.518644673915688, 0.517039996029642, 0.515797628783388, 0.514913267570218, 0.514383863335546, 0.514207596832604, 0.514383863335546, 0.514913267570218, 0.515797628783388, 0.517039996029642, 0.518644673915688, 0.520617259208269, 0.522964688888836, 0.525695300429962, 0.528818905280724, 0.532346876786706, 0.536292254042196, 0.540669863485824, 0.545496460416595, 0.550790893037372, 0.556574292142707, 0.56287029017638, 0.569705274114891, 0.577108677516143, 0.585113318145402, 0.593755788901309, 0.603076911374608, 0.613122263360583, 0.623942794115532, 0.635595544231904, 0.64814449088201, 0.661661544079291, 0.67622772583964, 0.691934572110192, 0.708885807634764, 0.707106781186548, 0.689299236340858, 0.672816364803188, 0.657543499945392, 0.643379782946584, 0.630236207005132, 0.618033988749895, 0.606703205046824, 0.596181646417974, 0.586413848307004, 0.577350269189626, 0.568946590588665, 0.56116311881718, 0.553964272041233, 0.547318139253023, 0.541196100146197, 0.535572496818514, 0.530424349792499, 0.525731112119134, 0.521474456372901, 0.517638090205041, 0.514207596832604, 0.511170297432515, 0.508515132905633, 0.506232562894002, 0.504314480290076, 0.502754139781758, 0.501546099241413, 0.50068617299896, 0.500171396245434, 0.5,  },
			{ 0.5, 0.500171396245434, 0.500686172998961, 0.501546099241413, 0.502754139781758, 0.504314480290076, 0.506232562894001, 0.508515132905633, 0.511170297432515, 0.514207596832604, 0.517638090205041, 0.521474456372901, 0.525731112119134, 0.530424349792499, 0.535572496818514, 0.541196100146197, 0.547318139253023, 0.553964272041233, 0.561163118817181, 0.568946590588665, 0.577350269189626, 0.586413848307004, 0.596181646417974, 0.606703205046824, 0.618033988749895, 0.630236207005132, 0.643379782946584, 0.657543499945392, 0.672816364803188, 0.689299236340858, 0.707106781186548, 0.71361508055855, 0.696550756270842, 0.680739123076944, 0.666075764242007, 0.652468533144412, 0.639835867236599, 0.628105376763431, 0.617212657734195, 0.607100289014853, 0.597716981445369, 0.589016853161973, 0.58095881023606, 0.5735060156425, 0.566625432675024, 0.560287431412188, 0.554465448838963, 0.54913569484968, 0.544276897677442, 0.539870083375161, 0.535898384862245, 0.532346876786706, 0.52920243306502, 0.526453604475269, 0.524090514112109, 0.522104768880206, 0.520489385518616, 0.519238729922226, 0.518348468766506, 0.517815532655351, 0.517638090205041, 0.517815532655351, 0.518348468766506, 0.519238729922226, 0.520489385518616, 0.522104768880206, 0.524090514112109, 0.526453604475269, 0.52920243306502, 0.532346876786706, 0.535898384862245, 0.539870083375161, 0.544276897677442, 0.54913569484968, 0.554465448838963, 0.560287431412188, 0.566625432675024, 0.5735060156425, 0.58095881023606, 0.589016853161973, 0.597716981445369, 0.607100289014853, 0.617212657734195, 0.628105376763431, 0.639835867236599, 0.652468533144412, 0.666075764242007, 0.680739123076944, 0.696550756270842, 0.71361508055855, 0.707106781186548, 0.689299236340858, 0.672816364803188, 0.657543499945392, 0.643379782946584, 0.630236207005132, 0.618033988749895, 0.606703205046824, 0.596181646417974, 0.586413848307004, 0.577350269189626, 0.568946590588665, 0.561163118817181, 0.553964272041233, 0.547318139253023, 0.541196100146197, 0.535572496818514, 0.530424349792499, 0.525731112119134, 0.521474456372901, 0.517638090205041, 0.514207596832604, 0.511170297432515, 0.508515132905633, 0.506232562894001, 0.504314480290076, 0.502754139781758, 0.501546099241413, 0.500686172998961, 0.500171396245434, 0.5,  },
			{ 0.5, 0.500171396245434, 0.500686172998961, 0.501546099241413, 0.502754139781758, 0.504314480290076, 0.506232562894002, 0.508515132905633, 0.511170297432515, 0.514207596832604, 0.517638090205041, 0.521474456372901, 0.525731112119134, 0.530424349792499, 0.535572496818514, 0.541196100146197, 0.547318139253023, 0.553964272041233, 0.56116311881718, 0.568946590588665, 0.577350269189626, 0.586413848307004, 0.596181646417974, 0.606703205046824, 0.618033988749895, 0.630236207005132, 0.643379782946584, 0.657543499945392, 0.672816364803188, 0.689299236340858, 0.707106781186548, 0.718903889098209, 0.701713096149068, 0.685784278351116, 0.671012245106769, 0.657304166869041, 0.644577876606654, 0.632760448062978, 0.621786999930628, 0.611599685510872, 0.602146835524816, 0.593382228064879, 0.585264464643422, 0.577756435225424, 0.570824858259996, 0.564439884229744, 0.558574753253424, 0.553205498909985, 0.548310691781292, 0.543871217298825, 0.539870083375161, 0.536292254042196, 0.533124505935189, 0.530355304978717, 0.52797470106682, 0.525974238900499, 0.524346883463836, 0.52308695889573, 0.522190099756122, 0.521653213900725, 0.521474456372901, 0.521653213900725, 0.522190099756122, 0.52308695889573, 0.524346883463836, 0.525974238900499, 0.52797470106682, 0.530355304978717, 0.533124505935189, 0.536292254042196, 0.539870083375161, 0.543871217298825, 0.548310691781292, 0.553205498909985, 0.558574753253424, 0.564439884229744, 0.570824858259996, 0.577756435225424, 0.585264464643422, 0.593382228064879, 0.602146835524816, 0.611599685510872, 0.621786999930628, 0.632760448062978, 0.644577876606654, 0.657304166869041, 0.671012245106769, 0.685784278351116, 0.701713096149068, 0.718903889098209, 0.707106781186548, 0.689299236340858, 0.672816364803188, 0.657543499945392, 0.643379782946584, 0.630236207005132, 0.618033988749895, 0.606703205046824, 0.596181646417974, 0.586413848307004, 0.577350269189626, 0.568946590588665, 0.56116311881718, 0.553964272041233, 0.547318139253023, 0.541196100146197, 0.535572496818514, 0.530424349792499, 0.525731112119134, 0.521474456372901, 0.517638090205041, 0.514207596832604, 0.511170297432515, 0.508515132905633, 0.506232562894002, 0.504314480290076, 0.502754139781758, 0.501546099241413, 0.500686172998961, 0.500171396245434, 0.5,  },
			{ 0.5, 0.500171396245434, 0.500686172998961, 0.501546099241413, 0.502754139781758, 0.504314480290076, 0.506232562894002, 0.508515132905633, 0.511170297432515, 0.514207596832604, 0.517638090205041, 0.521474456372901, 0.525731112119134, 0.530424349792499, 0.535572496818514, 0.541196100146197, 0.547318139253023, 0.553964272041233, 0.56116311881718, 0.568946590588665, 0.577350269189626, 0.586413848307004, 0.596181646417974, 0.606703205046824, 0.618033988749895, 0.630236207005132, 0.643379782946584, 0.657543499945392, 0.672816364803188, 0.689299236340858, 0.707106781186548, 0.724772108208698, 0.707440991439866, 0.691382150985997, 0.676489537606948, 0.662669564013105, 0.649839392465813, 0.637925501431019, 0.626862479992675, 0.616592009265005, 0.607061998206686, 0.598225847613137, 0.590041821071996, 0.582472505629008, 0.575484348064934, 0.569047255208796, 0.563134248745638, 0.557721166622957, 0.552786404500042, 0.548310691781292, 0.544276897677442, 0.540669863485824, 0.537476257902928, 0.534684452703775, 0.532284416562365, 0.530267625161369, 0.528626986059924, 0.527356777066402, 0.526452597106833, 0.525911328796584, 0.525731112119134, 0.525911328796584, 0.526452597106833, 0.527356777066402, 0.528626986059924, 0.530267625161369, 0.532284416562365, 0.534684452703775, 0.537476257902928, 0.540669863485824, 0.544276897677442, 0.548310691781292, 0.552786404500042, 0.557721166622957, 0.563134248745638, 0.569047255208796, 0.575484348064934, 0.582472505629008, 0.590041821071996, 0.598225847613137, 0.607061998206686, 0.616592009265005, 0.626862479992675, 0.637925501431019, 0.649839392465813, 0.662669564013105, 0.676489537606948, 0.691382150985997, 0.707440991439866, 0.724772108208698, 0.707106781186548, 0.689299236340858, 0.672816364803188, 0.657543499945392, 0.643379782946584, 0.630236207005132, 0.618033988749895, 0.606703205046824, 0.596181646417974, 0.586413848307004, 0.577350269189626, 0.568946590588665, 0.56116311881718, 0.553964272041233, 0.547318139253023, 0.541196100146197, 0.535572496818514, 0.530424349792499, 0.525731112119134, 0.521474456372901, 0.517638090205041, 0.514207596832604, 0.511170297432515, 0.508515132905633, 0.506232562894002, 0.504314480290076, 0.502754139781758, 0.501546099241413, 0.500686172998961, 0.500171396245434, 0.5,  },
			{ 0.5, 0.500171396245434, 0.500686172998961, 0.501546099241413, 0.502754139781758, 0.504314480290076, 0.506232562894002, 0.508515132905633, 0.511170297432515, 0.514207596832604, 0.517638090205041, 0.521474456372901, 0.525731112119134, 0.530424349792499, 0.535572496818515, 0.541196100146197, 0.547318139253023, 0.553964272041233, 0.561163118817181, 0.568946590588665, 0.577350269189626, 0.586413848307004, 0.596181646417974, 0.606703205046824, 0.618033988749895, 0.630236207005132, 0.643379782946584, 0.657543499945392, 0.672816364803188, 0.689299236340858, 0.707106781186548, 0.726369835627341, 0.713756365660967, 0.697554166837637, 0.682528606078161, 0.668585260632776, 0.655640553264655, 0.643620306107973, 0.63245852431895, 0.622096368395119, 0.612481282274862, 0.603566250759303, 0.595309164852267, 0.587672277611492, 0.58062173628585, 0.574127179060565, 0.568161386783411, 0.56269998170559, 0.557721166622957, 0.553205498909985, 0.54913569484968, 0.545496460416595, 0.542274345297759, 0.539457617462232, 0.537036156033682, 0.535001360597611, 0.533346075398452, 0.532064527162181, 0.531152275526136, 0.530606175276581, 0.530424349792499, 0.530606175276581, 0.531152275526136, 0.532064527162181, 0.533346075398452, 0.535001360597611, 0.537036156033682, 0.539457617462232, 0.542274345297759, 0.545496460416595, 0.54913569484968, 0.553205498909985, 0.557721166622957, 0.56269998170559, 0.568161386783411, 0.574127179060565, 0.58062173628585, 0.587672277611492, 0.595309164852267, 0.603566250759303, 0.612481282274862, 0.622096368395119, 0.63245852431895, 0.643620306107973, 0.655640553264655, 0.668585260632776, 0.682528606078161, 0.697554166837637, 0.713756365660967, 0.726369835627341, 0.707106781186548, 0.689299236340858, 0.672816364803188, 0.657543499945392, 0.643379782946584, 0.630236207005132, 0.618033988749895, 0.606703205046824, 0.596181646417974, 0.586413848307004, 0.577350269189626, 0.568946590588665, 0.561163118817181, 0.553964272041233, 0.547318139253023, 0.541196100146197, 0.535572496818515, 0.530424349792499, 0.525731112119134, 0.521474456372901, 0.517638090205041, 0.514207596832604, 0.511170297432515, 0.508515132905633, 0.506232562894002, 0.504314480290076, 0.502754139781758, 0.501546099241413, 0.500686172998961, 0.500171396245434, 0.5,  },
			{ 0.5, 0.500171396245434, 0.500686172998961, 0.501546099241413, 0.502754139781758, 0.504314480290076, 0.506232562894001, 0.508515132905633, 0.511170297432515, 0.514207596832604, 0.517638090205041, 0.521474456372901, 0.525731112119134, 0.530424349792499, 0.535572496818514, 0.541196100146197, 0.547318139253023, 0.553964272041233, 0.56116311881718, 0.568946590588665, 0.577350269189626, 0.586413848307004, 0.596181646417974, 0.606703205046824, 0.618033988749895, 0.630236207005132, 0.643379782946584, 0.657543499945392, 0.672816364803188, 0.689299236340858, 0.707106781186548, 0.726369835627341, 0.720683880796, 0.704324428065077, 0.689153033510511, 0.675074357942338, 0.662004012946974, 0.649867100709445, 0.638596985858894, 0.628134257813472, 0.618425850417459, 0.609424292155905, 0.601087065334764, 0.593376056650748, 0.58625708478761, 0.579699493247483, 0.573675798696835, 0.568161386783411, 0.563134248745638, 0.558574753253424, 0.554465448838963, 0.550790893037372, 0.547537504990789, 0.544693438800537, 0.542248475359952, 0.540193930781376, 0.538522579857521, 0.53722859328062, 0.53630748759112, 0.535756087048739, 0.535572496818514, 0.535756087048739, 0.53630748759112, 0.53722859328062, 0.538522579857521, 0.540193930781376, 0.542248475359952, 0.544693438800537, 0.547537504990789, 0.550790893037372, 0.554465448838963, 0.558574753253424, 0.563134248745638, 0.568161386783411, 0.573675798696835, 0.579699493247483, 0.58625708478761, 0.593376056650748, 0.601087065334764, 0.609424292155905, 0.618425850417459, 0.628134257813472, 0.638596985858894, 0.649867100709445, 0.662004012946974, 0.675074357942338, 0.689153033510511, 0.704324428065077, 0.720683880796, 0.726369835627341, 0.707106781186548, 0.689299236340858, 0.672816364803188, 0.657543499945392, 0.643379782946584, 0.630236207005132, 0.618033988749895, 0.606703205046824, 0.596181646417974, 0.586413848307004, 0.577350269189626, 0.568946590588665, 0.56116311881718, 0.553964272041233, 0.547318139253023, 0.541196100146197, 0.535572496818514, 0.530424349792499, 0.525731112119134, 0.521474456372901, 0.517638090205041, 0.514207596832604, 0.511170297432515, 0.508515132905633, 0.506232562894001, 0.504314480290076, 0.502754139781758, 0.501546099241413, 0.500686172998961, 0.500171396245434, 0.5,  },
			{ 0.5, 0.500171396245434, 0.500686172998961, 0.501546099241413, 0.502754139781758, 0.504314480290076, 0.506232562894001, 0.508515132905633, 0.511170297432515, 0.514207596832604, 0.517638090205041, 0.521474456372901, 0.525731112119134, 0.530424349792499, 0.535572496818514, 0.541196100146197, 0.547318139253023, 0.553964272041233, 0.56116311881718, 0.568946590588665, 0.577350269189626, 0.586413848307004, 0.596181646417974, 0.606703205046824, 0.618033988749895, 0.630236207005132, 0.643379782946584, 0.657543499945392, 0.672816364803188, 0.689299236340858, 0.707106781186548, 0.726369835627341, 0.728251185492053, 0.711719955693855, 0.696389258887196, 0.682162754804218, 0.668955168938483, 0.656690817035079, 0.645302364040293, 0.634729775550949, 0.624919428207565, 0.615823352036121, 0.60739858289947, 0.599606607298085, 0.592412885006019, 0.585786437626905, 0.579699493247483, 0.574127179060565, 0.569047255208796, 0.564439884229744, 0.560287431412188, 0.556574292142707, 0.553286742962097, 0.550412813587707, 0.547942177610496, 0.545866059960491, 0.544177159564487, 0.54286958590598, 0.541938808448323, 0.541381618105414, 0.541196100146197, 0.541381618105414, 0.541938808448323, 0.54286958590598, 0.544177159564487, 0.545866059960491, 0.547942177610496, 0.550412813587707, 0.553286742962097, 0.556574292142707, 0.560287431412188, 0.564439884229744, 0.569047255208796, 0.574127179060565, 0.579699493247483, 0.585786437626905, 0.592412885006019, 0.599606607298085, 0.60739858289947, 0.615823352036121, 0.624919428207565, 0.634729775550949, 0.645302364040293, 0.656690817035079, 0.668955168938483, 0.682162754804218, 0.696389258887196, 0.711719955693855, 0.728251185492053, 0.726369835627341, 0.707106781186548, 0.689299236340858, 0.672816364803188, 0.657543499945392, 0.643379782946584, 0.630236207005132, 0.618033988749895, 0.606703205046824, 0.596181646417974, 0.586413848307004, 0.577350269189626, 0.568946590588665, 0.56116311881718, 0.553964272041233, 0.547318139253023, 0.541196100146197, 0.535572496818514, 0.530424349792499, 0.525731112119134, 0.521474456372901, 0.517638090205041, 0.514207596832604, 0.511170297432515, 0.508515132905633, 0.506232562894001, 0.504314480290076, 0.502754139781758, 0.501546099241413, 0.500686172998961, 0.500171396245434, 0.5,  },
			{ 0.5, 0.500171396245434, 0.500686172998961, 0.501546099241413, 0.502754139781758, 0.504314480290076, 0.506232562894002, 0.508515132905633, 0.511170297432515, 0.514207596832604, 0.517638090205041, 0.521474456372901, 0.525731112119134, 0.530424349792499, 0.535572496818514, 0.541196100146197, 0.547318139253023, 0.553964272041233, 0.56116311881718, 0.568946590588665, 0.577350269189626, 0.586413848307004, 0.596181646417974, 0.606703205046824, 0.618033988749895, 0.630236207005132, 0.643379782946584, 0.657543499945392, 0.672816364803188, 0.689299236340858, 0.707106781186548, 0.726369835627341, 0.736489201686129, 0.719770969736065, 0.704266851270676, 0.689879416215864, 0.676522425435433, 0.664119338530146, 0.652602058748579, 0.641909872575189, 0.631988550060196, 0.62278957859068, 0.614269508016885, 0.606389389172527, 0.599114291110784, 0.592412885006019, 0.58625708478761, 0.58062173628585, 0.575484348064934, 0.570824858259996, 0.566625432675024, 0.56287029017638, 0.559545552064357, 0.55663911264783, 0.554140528704868, 0.55204092590144, 0.550332920574213, 0.549010555572845, 0.548069249111017, 0.547505755801275, 0.547318139253023, 0.547505755801275, 0.548069249111017, 0.549010555572845, 0.550332920574213, 0.55204092590144, 0.554140528704868, 0.55663911264783, 0.559545552064357, 0.56287029017638, 0.566625432675024, 0.570824858259996, 0.575484348064934, 0.58062173628585, 0.58625708478761, 0.592412885006019, 0.599114291110784, 0.606389389172527, 0.614269508016885, 0.62278957859068, 0.631988550060196, 0.641909872575189, 0.652602058748579, 0.664119338530146, 0.676522425435433, 0.689879416215864, 0.704266851270676, 0.719770969736065, 0.736489201686129, 0.726369835627341, 0.707106781186548, 0.689299236340858, 0.672816364803188, 0.657543499945392, 0.643379782946584, 0.630236207005132, 0.618033988749895, 0.606703205046824, 0.596181646417974, 0.586413848307004, 0.577350269189626, 0.568946590588665, 0.56116311881718, 0.553964272041233, 0.547318139253023, 0.541196100146197, 0.535572496818514, 0.530424349792499, 0.525731112119134, 0.521474456372901, 0.517638090205041, 0.514207596832604, 0.511170297432515, 0.508515132905633, 0.506232562894002, 0.504314480290076, 0.502754139781758, 0.501546099241413, 0.500686172998961, 0.500171396245434, 0.5,  },
