using System;
using System.Windows.Media;
using System.Windows.Media.Media3D;

namespace MakerLib.MorphableModel
{
    public partial class MorphablePrimitivesGenerator
    {
        public static double [,] GenerateCube()
        {
            // resolution 1.5 degrees
            double [,] distances =
            {
			{ 0.50000000, 0.50017140, 0.50068617, 0.50154610, 0.50275414, 0.50431448, 0.50623256, 0.50851513, 0.51117030, 0.51420760, 0.51763809, 0.52147446, 0.52573111, 0.53042435, 0.53557250, 0.54119610, 0.54731814, 0.55396427, 0.56116312, 0.56894659, 0.57735027, 0.58641385, 0.59618165, 0.60670321, 0.61803399, 0.63023621, 0.64337978, 0.65754350, 0.67281636, 0.68929924, 0.70710678, 0.68929924, 0.67281636, 0.65754350, 0.64337978, 0.63023621, 0.61803399, 0.60670321, 0.59618165, 0.58641385, 0.57735027, 0.56894659, 0.56116312, 0.55396427, 0.54731814, 0.54119610, 0.53557250, 0.53042435, 0.52573111, 0.52147446, 0.51763809, 0.51420760, 0.51117030, 0.50851513, 0.50623256, 0.50431448, 0.50275414, 0.50154610, 0.50068617, 0.50017140, 0.50000000, 0.50017140, 0.50068617, 0.50154610, 0.50275414, 0.50431448, 0.50623256, 0.50851513, 0.51117030, 0.51420760, 0.51763809, 0.52147446, 0.52573111, 0.53042435, 0.53557250, 0.54119610, 0.54731814, 0.55396427, 0.56116312, 0.56894659, 0.57735027, 0.58641385, 0.59618165, 0.60670321, 0.61803399, 0.63023621, 0.64337978, 0.65754350, 0.67281636, 0.68929924, 0.70710678, 0.68929924, 0.67281636, 0.65754350, 0.64337978, 0.63023621, 0.61803399, 0.60670321, 0.59618165, 0.58641385, 0.57735027, 0.56894659, 0.56116312, 0.55396427, 0.54731814, 0.54119610, 0.53557250, 0.53042435, 0.52573111, 0.52147446, 0.51763809, 0.51420760, 0.51117030, 0.50851513, 0.50623256, 0.50431448, 0.50275414, 0.50154610, 0.50068617, 0.50017140,  },
			{ 0.50000000, 0.50017140, 0.50068617, 0.50154610, 0.50275414, 0.50431448, 0.50623256, 0.50851513, 0.51117030, 0.51420760, 0.51763809, 0.52147446, 0.52573111, 0.53042435, 0.53557250, 0.54119610, 0.54731814, 0.55396427, 0.56116312, 0.56894659, 0.57735027, 0.58641385, 0.59618165, 0.60670321, 0.61803399, 0.63023621, 0.64337978, 0.65754350, 0.67281636, 0.68929924, 0.70710678, 0.68953552, 0.67304700, 0.65776890, 0.64360033, 0.63045225, 0.61824585, 0.60691118, 0.59638601, 0.58661487, 0.57754818, 0.56914162, 0.56135548, 0.55415417, 0.54750576, 0.54138162, 0.53575609, 0.53060618, 0.52591133, 0.52165321, 0.51781553, 0.51438386, 0.51134552, 0.50868945, 0.50640610, 0.50448736, 0.50292648, 0.50171803, 0.50085780, 0.50034285, 0.50017140, 0.50034285, 0.50085780, 0.50171803, 0.50292648, 0.50448736, 0.50640610, 0.50868945, 0.51134552, 0.51438386, 0.51781553, 0.52165321, 0.52591133, 0.53060618, 0.53575609, 0.54138162, 0.54750576, 0.55415417, 0.56135548, 0.56914162, 0.57754818, 0.58661487, 0.59638601, 0.60691118, 0.61824585, 0.63045225, 0.64360033, 0.65776890, 0.67304700, 0.68953552, 0.70710678, 0.68929924, 0.67281636, 0.65754350, 0.64337978, 0.63023621, 0.61803399, 0.60670321, 0.59618165, 0.58641385, 0.57735027, 0.56894659, 0.56116312, 0.55396427, 0.54731814, 0.54119610, 0.53557250, 0.53042435, 0.52573111, 0.52147446, 0.51763809, 0.51420760, 0.51117030, 0.50851513, 0.50623256, 0.50431448, 0.50275414, 0.50154610, 0.50068617, 0.50017140,  },
			{ 0.50000000, 0.50017140, 0.50068617, 0.50154610, 0.50275414, 0.50431448, 0.50623256, 0.50851513, 0.51117030, 0.51420760, 0.51763809, 0.52147446, 0.52573111, 0.53042435, 0.53557250, 0.54119610, 0.54731814, 0.55396427, 0.56116312, 0.56894659, 0.57735027, 0.58641385, 0.59618165, 0.60670321, 0.61803399, 0.63023621, 0.64337978, 0.65754350, 0.67281636, 0.68929924, 0.70710678, 0.69024519, 0.67373970, 0.65844588, 0.64426272, 0.63110111, 0.61888215, 0.60753581, 0.59699981, 0.58721861, 0.57814259, 0.56972738, 0.56193323, 0.55472450, 0.54806925, 0.54193881, 0.53630749, 0.53115228, 0.52645260, 0.52219010, 0.51834847, 0.51491327, 0.51187180, 0.50921299, 0.50692729, 0.50500657, 0.50344409, 0.50223439, 0.50137329, 0.50085780, 0.50068617, 0.50085780, 0.50137329, 0.50223439, 0.50344409, 0.50500657, 0.50692729, 0.50921299, 0.51187180, 0.51491327, 0.51834847, 0.52219010, 0.52645260, 0.53115228, 0.53630749, 0.54193881, 0.54806925, 0.55472450, 0.56193323, 0.56972738, 0.57814259, 0.58721861, 0.59699981, 0.60753581, 0.61888215, 0.63110111, 0.64426272, 0.65844588, 0.67373970, 0.69024519, 0.70710678, 0.68929924, 0.67281636, 0.65754350, 0.64337978, 0.63023621, 0.61803399, 0.60670321, 0.59618165, 0.58641385, 0.57735027, 0.56894659, 0.56116312, 0.55396427, 0.54731814, 0.54119610, 0.53557250, 0.53042435, 0.52573111, 0.52147446, 0.51763809, 0.51420760, 0.51117030, 0.50851513, 0.50623256, 0.50431448, 0.50275414, 0.50154610, 0.50068617, 0.50017140,  },
			{ 0.50000000, 0.50017140, 0.50068617, 0.50154610, 0.50275414, 0.50431448, 0.50623256, 0.50851513, 0.51117030, 0.51420760, 0.51763809, 0.52147446, 0.52573111, 0.53042435, 0.53557250, 0.54119610, 0.54731814, 0.55396427, 0.56116312, 0.56894659, 0.57735027, 0.58641385, 0.59618165, 0.60670321, 0.61803399, 0.63023621, 0.64337978, 0.65754350, 0.67281636, 0.68929924, 0.70710678, 0.69143069, 0.67489685, 0.65957675, 0.64536924, 0.63218502, 0.61994507, 0.60857925, 0.59802516, 0.58822716, 0.57913555, 0.57070589, 0.56289835, 0.55567724, 0.54901056, 0.54286959, 0.53722859, 0.53206453, 0.52735678, 0.52308696, 0.51923873, 0.51579763, 0.51275094, 0.51008756, 0.50779793, 0.50587392, 0.50430876, 0.50309698, 0.50223439, 0.50171803, 0.50154610, 0.50171803, 0.50223439, 0.50309698, 0.50430876, 0.50587392, 0.50779793, 0.51008756, 0.51275094, 0.51579763, 0.51923873, 0.52308696, 0.52735678, 0.53206453, 0.53722859, 0.54286959, 0.54901056, 0.55567724, 0.56289835, 0.57070589, 0.57913555, 0.58822716, 0.59802516, 0.60857925, 0.61994507, 0.63218502, 0.64536924, 0.65957675, 0.67489685, 0.69143069, 0.70710678, 0.68929924, 0.67281636, 0.65754350, 0.64337978, 0.63023621, 0.61803399, 0.60670321, 0.59618165, 0.58641385, 0.57735027, 0.56894659, 0.56116312, 0.55396427, 0.54731814, 0.54119610, 0.53557250, 0.53042435, 0.52573111, 0.52147446, 0.51763809, 0.51420760, 0.51117030, 0.50851513, 0.50623256, 0.50431448, 0.50275414, 0.50154610, 0.50068617, 0.50017140,  },
			{ 0.50000000, 0.50017140, 0.50068617, 0.50154610, 0.50275414, 0.50431448, 0.50623256, 0.50851513, 0.51117030, 0.51420760, 0.51763809, 0.52147446, 0.52573111, 0.53042435, 0.53557250, 0.54119610, 0.54731814, 0.55396427, 0.56116312, 0.56894659, 0.57735027, 0.58641385, 0.59618165, 0.60670321, 0.61803399, 0.63023621, 0.64337978, 0.65754350, 0.67281636, 0.68929924, 0.70710678, 0.69309609, 0.67652243, 0.66116543, 0.64692370, 0.63370772, 0.62143829, 0.61004510, 0.59946558, 0.58964398, 0.58053048, 0.57208051, 0.56425416, 0.55701566, 0.55033292, 0.54417716, 0.53852258, 0.53334608, 0.52862699, 0.52434688, 0.52048939, 0.51704000, 0.51398597, 0.51131618, 0.50902103, 0.50709239, 0.50552345, 0.50430876, 0.50344409, 0.50292648, 0.50275414, 0.50292648, 0.50344409, 0.50430876, 0.50552345, 0.50709239, 0.50902103, 0.51131618, 0.51398597, 0.51704000, 0.52048939, 0.52434688, 0.52862699, 0.53334608, 0.53852258, 0.54417716, 0.55033292, 0.55701566, 0.56425416, 0.57208051, 0.58053048, 0.58964398, 0.59946558, 0.61004510, 0.62143829, 0.63370772, 0.64692370, 0.66116543, 0.67652243, 0.69309609, 0.70710678, 0.68929924, 0.67281636, 0.65754350, 0.64337978, 0.63023621, 0.61803399, 0.60670321, 0.59618165, 0.58641385, 0.57735027, 0.56894659, 0.56116312, 0.55396427, 0.54731814, 0.54119610, 0.53557250, 0.53042435, 0.52573111, 0.52147446, 0.51763809, 0.51420760, 0.51117030, 0.50851513, 0.50623256, 0.50431448, 0.50275414, 0.50154610, 0.50068617, 0.50017140,  },
			{ 0.50000000, 0.50017140, 0.50068617, 0.50154610, 0.50275414, 0.50431448, 0.50623256, 0.50851513, 0.51117030, 0.51420760, 0.51763809, 0.52147446, 0.52573111, 0.53042435, 0.53557250, 0.54119610, 0.54731814, 0.55396427, 0.56116312, 0.56894659, 0.57735027, 0.58641385, 0.59618165, 0.60670321, 0.61803399, 0.63023621, 0.64337978, 0.65754350, 0.67281636, 0.68929924, 0.70710678, 0.69524717, 0.67862207, 0.66321742, 0.64893148, 0.63567449, 0.62336698, 0.61193842, 0.60132607, 0.59147399, 0.58233220, 0.57385601, 0.56600537, 0.55874441, 0.55204093, 0.54586606, 0.54019393, 0.53500136, 0.53026763, 0.52597424, 0.52210477, 0.51864467, 0.51558117, 0.51290309, 0.51060082, 0.50866619, 0.50709239, 0.50587392, 0.50500657, 0.50448736, 0.50431448, 0.50448736, 0.50500657, 0.50587392, 0.50709239, 0.50866619, 0.51060082, 0.51290309, 0.51558117, 0.51864467, 0.52210477, 0.52597424, 0.53026763, 0.53500136, 0.54019393, 0.54586606, 0.55204093, 0.55874441, 0.56600537, 0.57385601, 0.58233220, 0.59147399, 0.60132607, 0.61193842, 0.62336698, 0.63567449, 0.64893148, 0.66321742, 0.67862207, 0.69524717, 0.70710678, 0.68929924, 0.67281636, 0.65754350, 0.64337978, 0.63023621, 0.61803399, 0.60670321, 0.59618165, 0.58641385, 0.57735027, 0.56894659, 0.56116312, 0.55396427, 0.54731814, 0.54119610, 0.53557250, 0.53042435, 0.52573111, 0.52147446, 0.51763809, 0.51420760, 0.51117030, 0.50851513, 0.50623256, 0.50431448, 0.50275414, 0.50154610, 0.50068617, 0.50017140,  },
			{ 0.50000000, 0.50017140, 0.50068617, 0.50154610, 0.50275414, 0.50431448, 0.50623256, 0.50851513, 0.51117030, 0.51420760, 0.51763809, 0.52147446, 0.52573111, 0.53042435, 0.53557250, 0.54119610, 0.54731814, 0.55396427, 0.56116312, 0.56894659, 0.57735027, 0.58641385, 0.59618165, 0.60670321, 0.61803399, 0.63023621, 0.64337978, 0.65754350, 0.67281636, 0.68929924, 0.70710678, 0.69789144, 0.68120311, 0.66573986, 0.65139959, 0.63809218, 0.62573786, 0.61426584, 0.60361313, 0.59372357, 0.58454701, 0.57603858, 0.56815809, 0.56086951, 0.55414053, 0.54794218, 0.54224848, 0.53703616, 0.53228442, 0.52797470, 0.52409051, 0.52061726, 0.51754210, 0.51485384, 0.51254282, 0.51060082, 0.50902103, 0.50779793, 0.50692729, 0.50640610, 0.50623256, 0.50640610, 0.50692729, 0.50779793, 0.50902103, 0.51060082, 0.51254282, 0.51485384, 0.51754210, 0.52061726, 0.52409051, 0.52797470, 0.53228442, 0.53703616, 0.54224848, 0.54794218, 0.55414053, 0.56086951, 0.56815809, 0.57603858, 0.58454701, 0.59372357, 0.60361313, 0.61426584, 0.62573786, 0.63809218, 0.65139959, 0.66573986, 0.68120311, 0.69789144, 0.70710678, 0.68929924, 0.67281636, 0.65754350, 0.64337978, 0.63023621, 0.61803399, 0.60670321, 0.59618165, 0.58641385, 0.57735027, 0.56894659, 0.56116312, 0.55396427, 0.54731814, 0.54119610, 0.53557250, 0.53042435, 0.52573111, 0.52147446, 0.51763809, 0.51420760, 0.51117030, 0.50851513, 0.50623256, 0.50431448, 0.50275414, 0.50154610, 0.50068617, 0.50017140,  },
			{ 0.50000000, 0.50017140, 0.50068617, 0.50154610, 0.50275414, 0.50431448, 0.50623256, 0.50851513, 0.51117030, 0.51420760, 0.51763809, 0.52147446, 0.52573111, 0.53042435, 0.53557250, 0.54119610, 0.54731814, 0.55396427, 0.56116312, 0.56894659, 0.57735027, 0.58641385, 0.59618165, 0.60670321, 0.61803399, 0.63023621, 0.64337978, 0.65754350, 0.67281636, 0.68929924, 0.70710678, 0.70103819, 0.68427461, 0.66874164, 0.65433671, 0.64096930, 0.62855927, 0.61703552, 0.60633478, 0.59640063, 0.58718270, 0.57863590, 0.57071988, 0.56339843, 0.55663911, 0.55041281, 0.54469344, 0.53945762, 0.53468445, 0.53035530, 0.52645360, 0.52296469, 0.51987566, 0.51717528, 0.51485384, 0.51290309, 0.51131618, 0.51008756, 0.50921299, 0.50868945, 0.50851513, 0.50868945, 0.50921299, 0.51008756, 0.51131618, 0.51290309, 0.51485384, 0.51717528, 0.51987566, 0.52296469, 0.52645360, 0.53035530, 0.53468445, 0.53945762, 0.54469344, 0.55041281, 0.55663911, 0.56339843, 0.57071988, 0.57863590, 0.58718270, 0.59640063, 0.60633478, 0.61703552, 0.62855927, 0.64096930, 0.65433671, 0.66874164, 0.68427461, 0.70103819, 0.70710678, 0.68929924, 0.67281636, 0.65754350, 0.64337978, 0.63023621, 0.61803399, 0.60670321, 0.59618165, 0.58641385, 0.57735027, 0.56894659, 0.56116312, 0.55396427, 0.54731814, 0.54119610, 0.53557250, 0.53042435, 0.52573111, 0.52147446, 0.51763809, 0.51420760, 0.51117030, 0.50851513, 0.50623256, 0.50431448, 0.50275414, 0.50154610, 0.50068617, 0.50017140,  },
			{ 0.50000000, 0.50017140, 0.50068617, 0.50154610, 0.50275414, 0.50431448, 0.50623256, 0.50851513, 0.51117030, 0.51420760, 0.51763809, 0.52147446, 0.52573111, 0.53042435, 0.53557250, 0.54119610, 0.54731814, 0.55396427, 0.56116312, 0.56894659, 0.57735027, 0.58641385, 0.59618165, 0.60670321, 0.61803399, 0.63023621, 0.64337978, 0.65754350, 0.67281636, 0.68929924, 0.70710678, 0.70469859, 0.68784748, 0.67223341, 0.65775327, 0.64431606, 0.63184124, 0.62025732, 0.60950070, 0.59951468, 0.59024862, 0.58165720, 0.57369984, 0.56634016, 0.55954555, 0.55328674, 0.54753750, 0.54227435, 0.53747626, 0.53312451, 0.52920243, 0.52569530, 0.52259015, 0.51987566, 0.51754210, 0.51558117, 0.51398597, 0.51275094, 0.51187180, 0.51134552, 0.51117030, 0.51134552, 0.51187180, 0.51275094, 0.51398597, 0.51558117, 0.51754210, 0.51987566, 0.52259015, 0.52569530, 0.52920243, 0.53312451, 0.53747626, 0.54227435, 0.54753750, 0.55328674, 0.55954555, 0.56634016, 0.57369984, 0.58165720, 0.59024862, 0.59951468, 0.60950070, 0.62025732, 0.63184124, 0.64431606, 0.65775327, 0.67223341, 0.68784748, 0.70469859, 0.70710678, 0.68929924, 0.67281636, 0.65754350, 0.64337978, 0.63023621, 0.61803399, 0.60670321, 0.59618165, 0.58641385, 0.57735027, 0.56894659, 0.56116312, 0.55396427, 0.54731814, 0.54119610, 0.53557250, 0.53042435, 0.52573111, 0.52147446, 0.51763809, 0.51420760, 0.51117030, 0.50851513, 0.50623256, 0.50431448, 0.50275414, 0.50154610, 0.50068617, 0.50017140,  },
			{ 0.50000000, 0.50017140, 0.50068617, 0.50154610, 0.50275414, 0.50431448, 0.50623256, 0.50851513, 0.51117030, 0.51420760, 0.51763809, 0.52147446, 0.52573111, 0.53042435, 0.53557250, 0.54119610, 0.54731814, 0.55396427, 0.56116312, 0.56894659, 0.57735027, 0.58641385, 0.59618165, 0.60670321, 0.61803399, 0.63023621, 0.64337978, 0.65754350, 0.67281636, 0.68929924, 0.70710678, 0.70888581, 0.69193457, 0.67622773, 0.66166154, 0.64814449, 0.63559554, 0.62394279, 0.61312226, 0.60307691, 0.59375579, 0.58511332, 0.57710868, 0.56970527, 0.56287029, 0.55657429, 0.55079089, 0.54549646, 0.54066986, 0.53629225, 0.53234688, 0.52881891, 0.52569530, 0.52296469, 0.52061726, 0.51864467, 0.51704000, 0.51579763, 0.51491327, 0.51438386, 0.51420760, 0.51438386, 0.51491327, 0.51579763, 0.51704000, 0.51864467, 0.52061726, 0.52296469, 0.52569530, 0.52881891, 0.53234688, 0.53629225, 0.54066986, 0.54549646, 0.55079089, 0.55657429, 0.56287029, 0.56970527, 0.57710868, 0.58511332, 0.59375579, 0.60307691, 0.61312226, 0.62394279, 0.63559554, 0.64814449, 0.66166154, 0.67622773, 0.69193457, 0.70888581, 0.70710678, 0.68929924, 0.67281636, 0.65754350, 0.64337978, 0.63023621, 0.61803399, 0.60670321, 0.59618165, 0.58641385, 0.57735027, 0.56894659, 0.56116312, 0.55396427, 0.54731814, 0.54119610, 0.53557250, 0.53042435, 0.52573111, 0.52147446, 0.51763809, 0.51420760, 0.51117030, 0.50851513, 0.50623256, 0.50431448, 0.50275414, 0.50154610, 0.50068617, 0.50017140,  },
			{ 0.50000000, 0.50017140, 0.50068617, 0.50154610, 0.50275414, 0.50431448, 0.50623256, 0.50851513, 0.51117030, 0.51420760, 0.51763809, 0.52147446, 0.52573111, 0.53042435, 0.53557250, 0.54119610, 0.54731814, 0.55396427, 0.56116312, 0.56894659, 0.57735027, 0.58641385, 0.59618165, 0.60670321, 0.61803399, 0.63023621, 0.64337978, 0.65754350, 0.67281636, 0.68929924, 0.70710678, 0.71361508, 0.69655076, 0.68073912, 0.66607576, 0.65246853, 0.63983587, 0.62810538, 0.61721266, 0.60710029, 0.59771698, 0.58901685, 0.58095881, 0.57350602, 0.56662543, 0.56028743, 0.55446545, 0.54913569, 0.54427690, 0.53987008, 0.53589838, 0.53234688, 0.52920243, 0.52645360, 0.52409051, 0.52210477, 0.52048939, 0.51923873, 0.51834847, 0.51781553, 0.51763809, 0.51781553, 0.51834847, 0.51923873, 0.52048939, 0.52210477, 0.52409051, 0.52645360, 0.52920243, 0.53234688, 0.53589838, 0.53987008, 0.54427690, 0.54913569, 0.55446545, 0.56028743, 0.56662543, 0.57350602, 0.58095881, 0.58901685, 0.59771698, 0.60710029, 0.61721266, 0.62810538, 0.63983587, 0.65246853, 0.66607576, 0.68073912, 0.69655076, 0.71361508, 0.70710678, 0.68929924, 0.67281636, 0.65754350, 0.64337978, 0.63023621, 0.61803399, 0.60670321, 0.59618165, 0.58641385, 0.57735027, 0.56894659, 0.56116312, 0.55396427, 0.54731814, 0.54119610, 0.53557250, 0.53042435, 0.52573111, 0.52147446, 0.51763809, 0.51420760, 0.51117030, 0.50851513, 0.50623256, 0.50431448, 0.50275414, 0.50154610, 0.50068617, 0.50017140,  },
			{ 0.50000000, 0.50017140, 0.50068617, 0.50154610, 0.50275414, 0.50431448, 0.50623256, 0.50851513, 0.51117030, 0.51420760, 0.51763809, 0.52147446, 0.52573111, 0.53042435, 0.53557250, 0.54119610, 0.54731814, 0.55396427, 0.56116312, 0.56894659, 0.57735027, 0.58641385, 0.59618165, 0.60670321, 0.61803399, 0.63023621, 0.64337978, 0.65754350, 0.67281636, 0.68929924, 0.70710678, 0.71890389, 0.70171310, 0.68578428, 0.67101225, 0.65730417, 0.64457788, 0.63276045, 0.62178700, 0.61159969, 0.60214684, 0.59338223, 0.58526446, 0.57775644, 0.57082486, 0.56443988, 0.55857475, 0.55320550, 0.54831069, 0.54387122, 0.53987008, 0.53629225, 0.53312451, 0.53035530, 0.52797470, 0.52597424, 0.52434688, 0.52308696, 0.52219010, 0.52165321, 0.52147446, 0.52165321, 0.52219010, 0.52308696, 0.52434688, 0.52597424, 0.52797470, 0.53035530, 0.53312451, 0.53629225, 0.53987008, 0.54387122, 0.54831069, 0.55320550, 0.55857475, 0.56443988, 0.57082486, 0.57775644, 0.58526446, 0.59338223, 0.60214684, 0.61159969, 0.62178700, 0.63276045, 0.64457788, 0.65730417, 0.67101225, 0.68578428, 0.70171310, 0.71890389, 0.70710678, 0.68929924, 0.67281636, 0.65754350, 0.64337978, 0.63023621, 0.61803399, 0.60670321, 0.59618165, 0.58641385, 0.57735027, 0.56894659, 0.56116312, 0.55396427, 0.54731814, 0.54119610, 0.53557250, 0.53042435, 0.52573111, 0.52147446, 0.51763809, 0.51420760, 0.51117030, 0.50851513, 0.50623256, 0.50431448, 0.50275414, 0.50154610, 0.50068617, 0.50017140,  },
			{ 0.50000000, 0.50017140, 0.50068617, 0.50154610, 0.50275414, 0.50431448, 0.50623256, 0.50851513, 0.51117030, 0.51420760, 0.51763809, 0.52147446, 0.52573111, 0.53042435, 0.53557250, 0.54119610, 0.54731814, 0.55396427, 0.56116312, 0.56894659, 0.57735027, 0.58641385, 0.59618165, 0.60670321, 0.61803399, 0.63023621, 0.64337978, 0.65754350, 0.67281636, 0.68929924, 0.70710678, 0.72477211, 0.70744099, 0.69138215, 0.67648954, 0.66266956, 0.64983939, 0.63792550, 0.62686248, 0.61659201, 0.60706200, 0.59822585, 0.59004182, 0.58247251, 0.57548435, 0.56904726, 0.56313425, 0.55772117, 0.55278640, 0.54831069, 0.54427690, 0.54066986, 0.53747626, 0.53468445, 0.53228442, 0.53026763, 0.52862699, 0.52735678, 0.52645260, 0.52591133, 0.52573111, 0.52591133, 0.52645260, 0.52735678, 0.52862699, 0.53026763, 0.53228442, 0.53468445, 0.53747626, 0.54066986, 0.54427690, 0.54831069, 0.55278640, 0.55772117, 0.56313425, 0.56904726, 0.57548435, 0.58247251, 0.59004182, 0.59822585, 0.60706200, 0.61659201, 0.62686248, 0.63792550, 0.64983939, 0.66266956, 0.67648954, 0.69138215, 0.70744099, 0.72477211, 0.70710678, 0.68929924, 0.67281636, 0.65754350, 0.64337978, 0.63023621, 0.61803399, 0.60670321, 0.59618165, 0.58641385, 0.57735027, 0.56894659, 0.56116312, 0.55396427, 0.54731814, 0.54119610, 0.53557250, 0.53042435, 0.52573111, 0.52147446, 0.51763809, 0.51420760, 0.51117030, 0.50851513, 0.50623256, 0.50431448, 0.50275414, 0.50154610, 0.50068617, 0.50017140,  },
			{ 0.50000000, 0.50017140, 0.50068617, 0.50154610, 0.50275414, 0.50431448, 0.50623256, 0.50851513, 0.51117030, 0.51420760, 0.51763809, 0.52147446, 0.52573111, 0.53042435, 0.53557250, 0.54119610, 0.54731814, 0.55396427, 0.56116312, 0.56894659, 0.57735027, 0.58641385, 0.59618165, 0.60670321, 0.61803399, 0.63023621, 0.64337978, 0.65754350, 0.67281636, 0.68929924, 0.70710678, 0.72636984, 0.71375637, 0.69755417, 0.68252861, 0.66858526, 0.65564055, 0.64362031, 0.63245852, 0.62209637, 0.61248128, 0.60356625, 0.59530916, 0.58767228, 0.58062174, 0.57412718, 0.56816139, 0.56269998, 0.55772117, 0.55320550, 0.54913569, 0.54549646, 0.54227435, 0.53945762, 0.53703616, 0.53500136, 0.53334608, 0.53206453, 0.53115228, 0.53060618, 0.53042435, 0.53060618, 0.53115228, 0.53206453, 0.53334608, 0.53500136, 0.53703616, 0.53945762, 0.54227435, 0.54549646, 0.54913569, 0.55320550, 0.55772117, 0.56269998, 0.56816139, 0.57412718, 0.58062174, 0.58767228, 0.59530916, 0.60356625, 0.61248128, 0.62209637, 0.63245852, 0.64362031, 0.65564055, 0.66858526, 0.68252861, 0.69755417, 0.71375637, 0.72636984, 0.70710678, 0.68929924, 0.67281636, 0.65754350, 0.64337978, 0.63023621, 0.61803399, 0.60670321, 0.59618165, 0.58641385, 0.57735027, 0.56894659, 0.56116312, 0.55396427, 0.54731814, 0.54119610, 0.53557250, 0.53042435, 0.52573111, 0.52147446, 0.51763809, 0.51420760, 0.51117030, 0.50851513, 0.50623256, 0.50431448, 0.50275414, 0.50154610, 0.50068617, 0.50017140,  },
			{ 0.50000000, 0.50017140, 0.50068617, 0.50154610, 0.50275414, 0.50431448, 0.50623256, 0.50851513, 0.51117030, 0.51420760, 0.51763809, 0.52147446, 0.52573111, 0.53042435, 0.53557250, 0.54119610, 0.54731814, 0.55396427, 0.56116312, 0.56894659, 0.57735027, 0.58641385, 0.59618165, 0.60670321, 0.61803399, 0.63023621, 0.64337978, 0.65754350, 0.67281636, 0.68929924, 0.70710678, 0.72636984, 0.72068388, 0.70432443, 0.68915303, 0.67507436, 0.66200401, 0.64986710, 0.63859699, 0.62813426, 0.61842585, 0.60942429, 0.60108707, 0.59337606, 0.58625708, 0.57969949, 0.57367580, 0.56816139, 0.56313425, 0.55857475, 0.55446545, 0.55079089, 0.54753750, 0.54469344, 0.54224848, 0.54019393, 0.53852258, 0.53722859, 0.53630749, 0.53575609, 0.53557250, 0.53575609, 0.53630749, 0.53722859, 0.53852258, 0.54019393, 0.54224848, 0.54469344, 0.54753750, 0.55079089, 0.55446545, 0.55857475, 0.56313425, 0.56816139, 0.57367580, 0.57969949, 0.58625708, 0.59337606, 0.60108707, 0.60942429, 0.61842585, 0.62813426, 0.63859699, 0.64986710, 0.66200401, 0.67507436, 0.68915303, 0.70432443, 0.72068388, 0.72636984, 0.70710678, 0.68929924, 0.67281636, 0.65754350, 0.64337978, 0.63023621, 0.61803399, 0.60670321, 0.59618165, 0.58641385, 0.57735027, 0.56894659, 0.56116312, 0.55396427, 0.54731814, 0.54119610, 0.53557250, 0.53042435, 0.52573111, 0.52147446, 0.51763809, 0.51420760, 0.51117030, 0.50851513, 0.50623256, 0.50431448, 0.50275414, 0.50154610, 0.50068617, 0.50017140,  },
			{ 0.50000000, 0.50017140, 0.50068617, 0.50154610, 0.50275414, 0.50431448, 0.50623256, 0.50851513, 0.51117030, 0.51420760, 0.51763809, 0.52147446, 0.52573111, 0.53042435, 0.53557250, 0.54119610, 0.54731814, 0.55396427, 0.56116312, 0.56894659, 0.57735027, 0.58641385, 0.59618165, 0.60670321, 0.61803399, 0.63023621, 0.64337978, 0.65754350, 0.67281636, 0.68929924, 0.70710678, 0.72636984, 0.72825119, 0.71171996, 0.69638926, 0.68216275, 0.66895517, 0.65669082, 0.64530236, 0.63472978, 0.62491943, 0.61582335, 0.60739858, 0.59960661, 0.59241289, 0.58578644, 0.57969949, 0.57412718, 0.56904726, 0.56443988, 0.56028743, 0.55657429, 0.55328674, 0.55041281, 0.54794218, 0.54586606, 0.54417716, 0.54286959, 0.54193881, 0.54138162, 0.54119610, 0.54138162, 0.54193881, 0.54286959, 0.54417716, 0.54586606, 0.54794218, 0.55041281, 0.55328674, 0.55657429, 0.56028743, 0.56443988, 0.56904726, 0.57412718, 0.57969949, 0.58578644, 0.59241289, 0.59960661, 0.60739858, 0.61582335, 0.62491943, 0.63472978, 0.64530236, 0.65669082, 0.66895517, 0.68216275, 0.69638926, 0.71171996, 0.72825119, 0.72636984, 0.70710678, 0.68929924, 0.67281636, 0.65754350, 0.64337978, 0.63023621, 0.61803399, 0.60670321, 0.59618165, 0.58641385, 0.57735027, 0.56894659, 0.56116312, 0.55396427, 0.54731814, 0.54119610, 0.53557250, 0.53042435, 0.52573111, 0.52147446, 0.51763809, 0.51420760, 0.51117030, 0.50851513, 0.50623256, 0.50431448, 0.50275414, 0.50154610, 0.50068617, 0.50017140,  },
			{ 0.50000000, 0.50017140, 0.50068617, 0.50154610, 0.50275414, 0.50431448, 0.50623256, 0.50851513, 0.51117030, 0.51420760, 0.51763809, 0.52147446, 0.52573111, 0.53042435, 0.53557250, 0.54119610, 0.54731814, 0.55396427, 0.56116312, 0.56894659, 0.57735027, 0.58641385, 0.59618165, 0.60670321, 0.61803399, 0.63023621, 0.64337978, 0.65754350, 0.67281636, 0.68929924, 0.70710678, 0.72636984, 0.73648920, 0.71977097, 0.70426685, 0.68987942, 0.67652243, 0.66411934, 0.65260206, 0.64190987, 0.63198855, 0.62278958, 0.61426951, 0.60638939, 0.59911429, 0.59241289, 0.58625708, 0.58062174, 0.57548435, 0.57082486, 0.56662543, 0.56287029, 0.55954555, 0.55663911, 0.55414053, 0.55204093, 0.55033292, 0.54901056, 0.54806925, 0.54750576, 0.54731814, 0.54750576, 0.54806925, 0.54901056, 0.55033292, 0.55204093, 0.55414053, 0.55663911, 0.55954555, 0.56287029, 0.56662543, 0.57082486, 0.57548435, 0.58062174, 0.58625708, 0.59241289, 0.59911429, 0.60638939, 0.61426951, 0.62278958, 0.63198855, 0.64190987, 0.65260206, 0.66411934, 0.67652243, 0.68987942, 0.70426685, 0.71977097, 0.73648920, 0.72636984, 0.70710678, 0.68929924, 0.67281636, 0.65754350, 0.64337978, 0.63023621, 0.61803399, 0.60670321, 0.59618165, 0.58641385, 0.57735027, 0.56894659, 0.56116312, 0.55396427, 0.54731814, 0.54119610, 0.53557250, 0.53042435, 0.52573111, 0.52147446, 0.51763809, 0.51420760, 0.51117030, 0.50851513, 0.50623256, 0.50431448, 0.50275414, 0.50154610, 0.50068617, 0.50017140,  },
			{ 0.50000000, 0.50017140, 0.50068617, 0.50154610, 0.50275414, 0.50431448, 0.50623256, 0.50851513, 0.51117030, 0.51420760, 0.51763809, 0.52147446, 0.52573111, 0.53042435, 0.53557250, 0.54119610, 0.54731814, 0.55396427, 0.56116312, 0.56894659, 0.57735027, 0.58641385, 0.59618165, 0.60670321, 0.61803399, 0.63023621, 0.64337978, 0.65754350, 0.67281636, 0.68929924, 0.70710678, 0.72636984, 0.74543246, 0.72851121, 0.71281883, 0.69825668, 0.68473750, 0.67218380, 0.66052666, 0.64970464, 0.63966284, 0.63035217, 0.62172864, 0.61375283, 0.60638939, 0.59960661, 0.59337606, 0.58767228, 0.58247251, 0.57775644, 0.57350602, 0.56970527, 0.56634016, 0.56339843, 0.56086951, 0.55874441, 0.55701566, 0.55567724, 0.55472450, 0.55415417, 0.55396427, 0.55415417, 0.55472450, 0.55567724, 0.55701566, 0.55874441, 0.56086951, 0.56339843, 0.56634016, 0.56970527, 0.57350602, 0.57775644, 0.58247251, 0.58767228, 0.59337606, 0.59960661, 0.60638939, 0.61375283, 0.62172864, 0.63035217, 0.63966284, 0.64970464, 0.66052666, 0.67218380, 0.68473750, 0.69825668, 0.71281883, 0.72851121, 0.74543246, 0.72636984, 0.70710678, 0.68929924, 0.67281636, 0.65754350, 0.64337978, 0.63023621, 0.61803399, 0.60670321, 0.59618165, 0.58641385, 0.57735027, 0.56894659, 0.56116312, 0.55396427, 0.54731814, 0.54119610, 0.53557250, 0.53042435, 0.52573111, 0.52147446, 0.51763809, 0.51420760, 0.51117030, 0.50851513, 0.50623256, 0.50431448, 0.50275414, 0.50154610, 0.50068617, 0.50017140,  },
			{ 0.50000000, 0.50017140, 0.50068617, 0.50154610, 0.50275414, 0.50431448, 0.50623256, 0.50851513, 0.51117030, 0.51420760, 0.51763809, 0.52147446, 0.52573111, 0.53042435, 0.53557250, 0.54119610, 0.54731814, 0.55396427, 0.56116312, 0.56894659, 0.57735027, 0.58641385, 0.59618165, 0.60670321, 0.61803399, 0.63023621, 0.64337978, 0.65754350, 0.67281636, 0.68929924, 0.70710678, 0.72636984, 0.74723827, 0.73797832, 0.72208201, 0.70733063, 0.69363576, 0.68091893, 0.66911030, 0.65814765, 0.64797536, 0.63854369, 0.62980809, 0.62172864, 0.61426951, 0.60739858, 0.60108707, 0.59530916, 0.59004182, 0.58526446, 0.58095881, 0.57710868, 0.57369984, 0.57071988, 0.56815809, 0.56600537, 0.56425416, 0.56289835, 0.56193323, 0.56135548, 0.56116312, 0.56135548, 0.56193323, 0.56289835, 0.56425416, 0.56600537, 0.56815809, 0.57071988, 0.57369984, 0.57710868, 0.58095881, 0.58526446, 0.59004182, 0.59530916, 0.60108707, 0.60739858, 0.61426951, 0.62172864, 0.62980809, 0.63854369, 0.64797536, 0.65814765, 0.66911030, 0.68091893, 0.69363576, 0.70733063, 0.72208201, 0.73797832, 0.74723827, 0.72636984, 0.70710678, 0.68929924, 0.67281636, 0.65754350, 0.64337978, 0.63023621, 0.61803399, 0.60670321, 0.59618165, 0.58641385, 0.57735027, 0.56894659, 0.56116312, 0.55396427, 0.54731814, 0.54119610, 0.53557250, 0.53042435, 0.52573111, 0.52147446, 0.51763809, 0.51420760, 0.51117030, 0.50851513, 0.50623256, 0.50431448, 0.50275414, 0.50154610, 0.50068617, 0.50017140,  },
			{ 0.50000000, 0.50017140, 0.50068617, 0.50154610, 0.50275414, 0.50431448, 0.50623256, 0.50851513, 0.51117030, 0.51420760, 0.51763809, 0.52147446, 0.52573111, 0.53042435, 0.53557250, 0.54119610, 0.54731814, 0.55396427, 0.56116312, 0.56894659, 0.57735027, 0.58641385, 0.59618165, 0.60670321, 0.61803399, 0.63023621, 0.64337978, 0.65754350, 0.67281636, 0.68929924, 0.70710678, 0.72636984, 0.74723827, 0.74821426, 0.73209747, 0.71714148, 0.70325666, 0.69036344, 0.67839103, 0.66727632, 0.65696293, 0.64740045, 0.63854369, 0.63035217, 0.62278958, 0.61582335, 0.60942429, 0.60356625, 0.59822585, 0.59338223, 0.58901685, 0.58511332, 0.58165720, 0.57863590, 0.57603858, 0.57385601, 0.57208051, 0.57070589, 0.56972738, 0.56914162, 0.56894659, 0.56914162, 0.56972738, 0.57070589, 0.57208051, 0.57385601, 0.57603858, 0.57863590, 0.58165720, 0.58511332, 0.58901685, 0.59338223, 0.59822585, 0.60356625, 0.60942429, 0.61582335, 0.62278958, 0.63035217, 0.63854369, 0.64740045, 0.65696293, 0.66727632, 0.67839103, 0.69036344, 0.70325666, 0.71714148, 0.73209747, 0.74821426, 0.74723827, 0.72636984, 0.70710678, 0.68929924, 0.67281636, 0.65754350, 0.64337978, 0.63023621, 0.61803399, 0.60670321, 0.59618165, 0.58641385, 0.57735027, 0.56894659, 0.56116312, 0.55396427, 0.54731814, 0.54119610, 0.53557250, 0.53042435, 0.52573111, 0.52147446, 0.51763809, 0.51420760, 0.51117030, 0.50851513, 0.50623256, 0.50431448, 0.50275414, 0.50154610, 0.50068617, 0.50017140,  },
			{ 0.50000000, 0.50017140, 0.50068617, 0.50154610, 0.50275414, 0.50431448, 0.50623256, 0.50851513, 0.51117030, 0.51420760, 0.51763809, 0.52147446, 0.52573111, 0.53042435, 0.53557250, 0.54119610, 0.54731814, 0.55396427, 0.56116312, 0.56894659, 0.57735027, 0.58641385, 0.59618165, 0.60670321, 0.61803399, 0.63023621, 0.64337978, 0.65754350, 0.67281636, 0.68929924, 0.70710678, 0.72636984, 0.74723827, 0.75926583, 0.74291098, 0.72773409, 0.71364418, 0.70056052, 0.68841127, 0.67713239, 0.66666667, 0.65696293, 0.64797536, 0.63966284, 0.63198855, 0.62491943, 0.61842585, 0.61248128, 0.60706200, 0.60214684, 0.59771698, 0.59375579, 0.59024862, 0.58718270, 0.58454701, 0.58233220, 0.58053048, 0.57913555, 0.57814259, 0.57754818, 0.57735027, 0.57754818, 0.57814259, 0.57913555, 0.58053048, 0.58233220, 0.58454701, 0.58718270, 0.59024862, 0.59375579, 0.59771698, 0.60214684, 0.60706200, 0.61248128, 0.61842585, 0.62491943, 0.63198855, 0.63966284, 0.64797536, 0.65696293, 0.66666667, 0.67713239, 0.68841127, 0.70056052, 0.71364418, 0.72773409, 0.74291098, 0.75926583, 0.74723827, 0.72636984, 0.70710678, 0.68929924, 0.67281636, 0.65754350, 0.64337978, 0.63023621, 0.61803399, 0.60670321, 0.59618165, 0.58641385, 0.57735027, 0.56894659, 0.56116312, 0.55396427, 0.54731814, 0.54119610, 0.53557250, 0.53042435, 0.52573111, 0.52147446, 0.51763809, 0.51420760, 0.51117030, 0.50851513, 0.50623256, 0.50431448, 0.50275414, 0.50154610, 0.50068617, 0.50017140,  },
			{ 0.50000000, 0.50017140, 0.50068617, 0.50154610, 0.50275414, 0.50431448, 0.50623256, 0.50851513, 0.51117030, 0.51420760, 0.51763809, 0.52147446, 0.52573111, 0.53042435, 0.53557250, 0.54119610, 0.54731814, 0.55396427, 0.56116312, 0.56894659, 0.57735027, 0.58641385, 0.59618165, 0.60670321, 0.61803399, 0.63023621, 0.64337978, 0.65754350, 0.67281636, 0.68929924, 0.70710678, 0.72636984, 0.74723827, 0.76988452, 0.75457363, 0.73915848, 0.72484738, 0.71155832, 0.69921835, 0.68776240, 0.67713239, 0.66727632, 0.65814765, 0.64970464, 0.64190987, 0.63472978, 0.62813426, 0.62209637, 0.61659201, 0.61159969, 0.60710029, 0.60307691, 0.59951468, 0.59640063, 0.59372357, 0.59147399, 0.58964398, 0.58822716, 0.58721861, 0.58661487, 0.58641385, 0.58661487, 0.58721861, 0.58822716, 0.58964398, 0.59147399, 0.59372357, 0.59640063, 0.59951468, 0.60307691, 0.60710029, 0.61159969, 0.61659201, 0.62209637, 0.62813426, 0.63472978, 0.64190987, 0.64970464, 0.65814765, 0.66727632, 0.67713239, 0.68776240, 0.69921835, 0.71155832, 0.72484738, 0.73915848, 0.75457363, 0.76988452, 0.74723827, 0.72636984, 0.70710678, 0.68929924, 0.67281636, 0.65754350, 0.64337978, 0.63023621, 0.61803399, 0.60670321, 0.59618165, 0.58641385, 0.57735027, 0.56894659, 0.56116312, 0.55396427, 0.54731814, 0.54119610, 0.53557250, 0.53042435, 0.52573111, 0.52147446, 0.51763809, 0.51420760, 0.51117030, 0.50851513, 0.50623256, 0.50431448, 0.50275414, 0.50154610, 0.50068617, 0.50017140,  },
			{ 0.50000000, 0.50017140, 0.50068617, 0.50154610, 0.50275414, 0.50431448, 0.50623256, 0.50851513, 0.51117030, 0.51420760, 0.51763809, 0.52147446, 0.52573111, 0.53042435, 0.53557250, 0.54119610, 0.54731814, 0.55396427, 0.56116312, 0.56894659, 0.57735027, 0.58641385, 0.59618165, 0.60670321, 0.61803399, 0.63023621, 0.64337978, 0.65754350, 0.67281636, 0.68929924, 0.70710678, 0.72636984, 0.74723827, 0.76988452, 0.76714244, 0.75147052, 0.73692104, 0.72341063, 0.71086511, 0.69921835, 0.68841127, 0.67839103, 0.66911030, 0.66052666, 0.65260206, 0.64530236, 0.63859699, 0.63245852, 0.62686248, 0.62178700, 0.61721266, 0.61312226, 0.60950070, 0.60633478, 0.60361313, 0.60132607, 0.59946558, 0.59802516, 0.59699981, 0.59638601, 0.59618165, 0.59638601, 0.59699981, 0.59802516, 0.59946558, 0.60132607, 0.60361313, 0.60633478, 0.60950070, 0.61312226, 0.61721266, 0.62178700, 0.62686248, 0.63245852, 0.63859699, 0.64530236, 0.65260206, 0.66052666, 0.66911030, 0.67839103, 0.68841127, 0.69921835, 0.71086511, 0.72341063, 0.73692104, 0.75147052, 0.76714244, 0.76988452, 0.74723827, 0.72636984, 0.70710678, 0.68929924, 0.67281636, 0.65754350, 0.64337978, 0.63023621, 0.61803399, 0.60670321, 0.59618165, 0.58641385, 0.57735027, 0.56894659, 0.56116312, 0.55396427, 0.54731814, 0.54119610, 0.53557250, 0.53042435, 0.52573111, 0.52147446, 0.51763809, 0.51420760, 0.51117030, 0.50851513, 0.50623256, 0.50431448, 0.50275414, 0.50154610, 0.50068617, 0.50017140,  },
			{ 0.50000000, 0.50017140, 0.50068617, 0.50154610, 0.50275414, 0.50431448, 0.50623256, 0.50851513, 0.51117030, 0.51420760, 0.51763809, 0.52147446, 0.52573111, 0.53042435, 0.53557250, 0.54119610, 0.54731814, 0.55396427, 0.56116312, 0.56894659, 0.57735027, 0.58641385, 0.59618165, 0.60670321, 0.61803399, 0.63023621, 0.64337978, 0.65754350, 0.67281636, 0.68929924, 0.70710678, 0.72636984, 0.74723827, 0.76988452, 0.78068115, 0.76473265, 0.74992640, 0.73617756, 0.72341063, 0.71155832, 0.70056052, 0.69036344, 0.68091893, 0.67218380, 0.66411934, 0.65669082, 0.64986710, 0.64362031, 0.63792550, 0.63276045, 0.62810538, 0.62394279, 0.62025732, 0.61703552, 0.61426584, 0.61193842, 0.61004510, 0.60857925, 0.60753581, 0.60691118, 0.60670321, 0.60691118, 0.60753581, 0.60857925, 0.61004510, 0.61193842, 0.61426584, 0.61703552, 0.62025732, 0.62394279, 0.62810538, 0.63276045, 0.63792550, 0.64362031, 0.64986710, 0.65669082, 0.66411934, 0.67218380, 0.68091893, 0.69036344, 0.70056052, 0.71155832, 0.72341063, 0.73617756, 0.74992640, 0.76473265, 0.78068115, 0.76988452, 0.74723827, 0.72636984, 0.70710678, 0.68929924, 0.67281636, 0.65754350, 0.64337978, 0.63023621, 0.61803399, 0.60670321, 0.59618165, 0.58641385, 0.57735027, 0.56894659, 0.56116312, 0.55396427, 0.54731814, 0.54119610, 0.53557250, 0.53042435, 0.52573111, 0.52147446, 0.51763809, 0.51420760, 0.51117030, 0.50851513, 0.50623256, 0.50431448, 0.50275414, 0.50154610, 0.50068617, 0.50017140,  },
			{ 0.50000000, 0.50017140, 0.50068617, 0.50154610, 0.50275414, 0.50431448, 0.50623256, 0.50851513, 0.51117030, 0.51420760, 0.51763809, 0.52147446, 0.52573111, 0.53042435, 0.53557250, 0.54119610, 0.54731814, 0.55396427, 0.56116312, 0.56894659, 0.57735027, 0.58641385, 0.59618165, 0.60670321, 0.61803399, 0.63023621, 0.64337978, 0.65754350, 0.67281636, 0.68929924, 0.70710678, 0.72636984, 0.74723827, 0.76988452, 0.79450786, 0.77901479, 0.76393202, 0.74992640, 0.73692104, 0.72484738, 0.71364418, 0.70325666, 0.69363576, 0.68473750, 0.67652243, 0.66895517, 0.66200401, 0.65564055, 0.64983939, 0.64457788, 0.63983587, 0.63559554, 0.63184124, 0.62855927, 0.62573786, 0.62336698, 0.62143829, 0.61994507, 0.61888215, 0.61824585, 0.61803399, 0.61824585, 0.61888215, 0.61994507, 0.62143829, 0.62336698, 0.62573786, 0.62855927, 0.63184124, 0.63559554, 0.63983587, 0.64457788, 0.64983939, 0.65564055, 0.66200401, 0.66895517, 0.67652243, 0.68473750, 0.69363576, 0.70325666, 0.71364418, 0.72484738, 0.73692104, 0.74992640, 0.76393202, 0.77901479, 0.79450786, 0.76988452, 0.74723827, 0.72636984, 0.70710678, 0.68929924, 0.67281636, 0.65754350, 0.64337978, 0.63023621, 0.61803399, 0.60670321, 0.59618165, 0.58641385, 0.57735027, 0.56894659, 0.56116312, 0.55396427, 0.54731814, 0.54119610, 0.53557250, 0.53042435, 0.52573111, 0.52147446, 0.51763809, 0.51420760, 0.51117030, 0.50851513, 0.50623256, 0.50431448, 0.50275414, 0.50154610, 0.50068617, 0.50017140,  },
			{ 0.50000000, 0.50017140, 0.50068617, 0.50154610, 0.50275414, 0.50431448, 0.50623256, 0.50851513, 0.51117030, 0.51420760, 0.51763809, 0.52147446, 0.52573111, 0.53042435, 0.53557250, 0.54119610, 0.54731814, 0.55396427, 0.56116312, 0.56894659, 0.57735027, 0.58641385, 0.59618165, 0.60670321, 0.61803399, 0.63023621, 0.64337978, 0.65754350, 0.67281636, 0.68929924, 0.70710678, 0.72636984, 0.74723827, 0.76988452, 0.79450786, 0.79439535, 0.77901479, 0.76473265, 0.75147052, 0.73915848, 0.72773409, 0.71714148, 0.70733063, 0.69825668, 0.68987942, 0.68216275, 0.67507436, 0.66858526, 0.66266956, 0.65730417, 0.65246853, 0.64814449, 0.64431606, 0.64096930, 0.63809218, 0.63567449, 0.63370772, 0.63218502, 0.63110111, 0.63045225, 0.63023621, 0.63045225, 0.63110111, 0.63218502, 0.63370772, 0.63567449, 0.63809218, 0.64096930, 0.64431606, 0.64814449, 0.65246853, 0.65730417, 0.66266956, 0.66858526, 0.67507436, 0.68216275, 0.68987942, 0.69825668, 0.70733063, 0.71714148, 0.72773409, 0.73915848, 0.75147052, 0.76473265, 0.77901479, 0.79439535, 0.79450786, 0.76988452, 0.74723827, 0.72636984, 0.70710678, 0.68929924, 0.67281636, 0.65754350, 0.64337978, 0.63023621, 0.61803399, 0.60670321, 0.59618165, 0.58641385, 0.57735027, 0.56894659, 0.56116312, 0.55396427, 0.54731814, 0.54119610, 0.53557250, 0.53042435, 0.52573111, 0.52147446, 0.51763809, 0.51420760, 0.51117030, 0.50851513, 0.50623256, 0.50431448, 0.50275414, 0.50154610, 0.50068617, 0.50017140,  },
			{ 0.50000000, 0.50017140, 0.50068617, 0.50154610, 0.50275414, 0.50431448, 0.50623256, 0.50851513, 0.51117030, 0.51420760, 0.51763809, 0.52147446, 0.52573111, 0.53042435, 0.53557250, 0.54119610, 0.54731814, 0.55396427, 0.56116312, 0.56894659, 0.57735027, 0.58641385, 0.59618165, 0.60670321, 0.61803399, 0.63023621, 0.64337978, 0.65754350, 0.67281636, 0.68929924, 0.70710678, 0.72636984, 0.74723827, 0.76988452, 0.79450786, 0.81096247, 0.79526115, 0.78068115, 0.76714244, 0.75457363, 0.74291098, 0.73209747, 0.72208201, 0.71281883, 0.70426685, 0.69638926, 0.68915303, 0.68252861, 0.67648954, 0.67101225, 0.66607576, 0.66166154, 0.65775327, 0.65433671, 0.65139959, 0.64893148, 0.64692370, 0.64536924, 0.64426272, 0.64360033, 0.64337978, 0.64360033, 0.64426272, 0.64536924, 0.64692370, 0.64893148, 0.65139959, 0.65433671, 0.65775327, 0.66166154, 0.66607576, 0.67101225, 0.67648954, 0.68252861, 0.68915303, 0.69638926, 0.70426685, 0.71281883, 0.72208201, 0.73209747, 0.74291098, 0.75457363, 0.76714244, 0.78068115, 0.79526115, 0.81096247, 0.79450786, 0.76988452, 0.74723827, 0.72636984, 0.70710678, 0.68929924, 0.67281636, 0.65754350, 0.64337978, 0.63023621, 0.61803399, 0.60670321, 0.59618165, 0.58641385, 0.57735027, 0.56894659, 0.56116312, 0.55396427, 0.54731814, 0.54119610, 0.53557250, 0.53042435, 0.52573111, 0.52147446, 0.51763809, 0.51420760, 0.51117030, 0.50851513, 0.50623256, 0.50431448, 0.50275414, 0.50154610, 0.50068617, 0.50017140,  },
