using System;
using System.Windows.Media;
using System.Windows.Media.Media3D;

namespace MakerLib.MorphableModel
{
    public partial class MorphablePrimitivesGenerator
    {
        public static double [,] GenerateCube()
        {
            // resolution 1.0 degrees
            double [,] distances =
            {
			{ 0.50000000, 0.50007616, 0.50030477, 0.50068617, 0.50122095, 0.50190992, 0.50275414, 0.50375491, 0.50491379, 0.50623256, 0.50771331, 0.50935835, 0.51117030, 0.51315205, 0.51530681, 0.51763809, 0.52014972, 0.52284588, 0.52573111, 0.52881034, 0.53208889, 0.53557250, 0.53926737, 0.54318019, 0.54731814, 0.55168896, 0.55630097, 0.56116312, 0.56628503, 0.57167703, 0.57735027, 0.58331670, 0.58958920, 0.59618165, 0.60310897, 0.61038729, 0.61803399, 0.62606783, 0.63450911, 0.64337978, 0.65270364, 0.66250650, 0.67281636, 0.68366373, 0.69508180, 0.70710678, 0.69508180, 0.68366373, 0.67281636, 0.66250650, 0.65270364, 0.64337978, 0.63450911, 0.62606783, 0.61803399, 0.61038729, 0.60310897, 0.59618165, 0.58958920, 0.58331670, 0.57735027, 0.57167703, 0.56628503, 0.56116312, 0.55630097, 0.55168896, 0.54731814, 0.54318019, 0.53926737, 0.53557250, 0.53208889, 0.52881034, 0.52573111, 0.52284588, 0.52014972, 0.51763809, 0.51530681, 0.51315205, 0.51117030, 0.50935835, 0.50771331, 0.50623256, 0.50491379, 0.50375491, 0.50275414, 0.50190992, 0.50122095, 0.50068617, 0.50030477, 0.50007616, 0.50000000, 0.50007616, 0.50030477, 0.50068617, 0.50122095, 0.50190992, 0.50275414, 0.50375491, 0.50491379, 0.50623256, 0.50771331, 0.50935835, 0.51117030, 0.51315205, 0.51530681, 0.51763809, 0.52014972, 0.52284588, 0.52573111, 0.52881034, 0.53208889, 0.53557250, 0.53926737, 0.54318019, 0.54731814, 0.55168896, 0.55630097, 0.56116312, 0.56628503, 0.57167703, 0.57735027, 0.58331670, 0.58958920, 0.59618165, 0.60310897, 0.61038729, 0.61803399, 0.62606783, 0.63450911, 0.64337978, 0.65270364, 0.66250650, 0.67281636, 0.68366373, 0.69508180, 0.70710678, 0.69508180, 0.68366373, 0.67281636, 0.66250650, 0.65270364, 0.64337978, 0.63450911, 0.62606783, 0.61803399, 0.61038729, 0.60310897, 0.59618165, 0.58958920, 0.58331670, 0.57735027, 0.57167703, 0.56628503, 0.56116312, 0.55630097, 0.55168896, 0.54731814, 0.54318019, 0.53926737, 0.53557250, 0.53208889, 0.52881034, 0.52573111, 0.52284588, 0.52014972, 0.51763809, 0.51530681, 0.51315205, 0.51117030, 0.50935835, 0.50771331, 0.50623256, 0.50491379, 0.50375491, 0.50275414, 0.50190992, 0.50122095, 0.50068617, 0.50030477, 0.50007616, 0.50000000,  },
			{ 0.50000000, 0.50007616, 0.50030477, 0.50068617, 0.50122095, 0.50190992, 0.50275414, 0.50375491, 0.50491379, 0.50623256, 0.50771331, 0.50935835, 0.51117030, 0.51315205, 0.51530681, 0.51763809, 0.52014972, 0.52284588, 0.52573111, 0.52881034, 0.53208889, 0.53557250, 0.53926737, 0.54318019, 0.54731814, 0.55168896, 0.55630097, 0.56116312, 0.56628503, 0.57167703, 0.57735027, 0.58331670, 0.58958920, 0.59618165, 0.60310897, 0.61038729, 0.61803399, 0.62606783, 0.63450911, 0.64337978, 0.65270364, 0.66250650, 0.67281636, 0.68366373, 0.69508180, 0.70710678, 0.69518768, 0.68376787, 0.67291885, 0.66260741, 0.65280307, 0.64347779, 0.63460576, 0.62616320, 0.61812813, 0.61048027, 0.60320084, 0.59627246, 0.58967901, 0.58340555, 0.57743822, 0.57176412, 0.56637129, 0.56124860, 0.55638571, 0.55177300, 0.54740151, 0.54326293, 0.53934952, 0.53565408, 0.53216994, 0.52889089, 0.52581120, 0.52292552, 0.52022895, 0.51771694, 0.51538531, 0.51323022, 0.51124816, 0.50943594, 0.50779064, 0.50630968, 0.50499070, 0.50383165, 0.50283072, 0.50198637, 0.50129730, 0.50076244, 0.50038098, 0.50015234, 0.50007616, 0.50015234, 0.50038098, 0.50076244, 0.50129730, 0.50198637, 0.50283072, 0.50383165, 0.50499070, 0.50630968, 0.50779064, 0.50943594, 0.51124816, 0.51323022, 0.51538531, 0.51771694, 0.52022895, 0.52292552, 0.52581120, 0.52889089, 0.53216994, 0.53565408, 0.53934952, 0.54326293, 0.54740151, 0.55177300, 0.55638571, 0.56124860, 0.56637129, 0.57176412, 0.57743822, 0.58340555, 0.58967901, 0.59627246, 0.60320084, 0.61048027, 0.61812813, 0.62616320, 0.63460576, 0.64347779, 0.65280307, 0.66260741, 0.67291885, 0.68376787, 0.69518768, 0.70710678, 0.69508180, 0.68366373, 0.67281636, 0.66250650, 0.65270364, 0.64337978, 0.63450911, 0.62606783, 0.61803399, 0.61038729, 0.60310897, 0.59618165, 0.58958920, 0.58331670, 0.57735027, 0.57167703, 0.56628503, 0.56116312, 0.55630097, 0.55168896, 0.54731814, 0.54318019, 0.53926737, 0.53557250, 0.53208889, 0.52881034, 0.52573111, 0.52284588, 0.52014972, 0.51763809, 0.51530681, 0.51315205, 0.51117030, 0.50935835, 0.50771331, 0.50623256, 0.50491379, 0.50375491, 0.50275414, 0.50190992, 0.50122095, 0.50068617, 0.50030477, 0.50007616, 0.50000000,  },
			{ 0.50000000, 0.50007616, 0.50030477, 0.50068617, 0.50122095, 0.50190992, 0.50275414, 0.50375491, 0.50491379, 0.50623256, 0.50771331, 0.50935835, 0.51117030, 0.51315205, 0.51530681, 0.51763809, 0.52014972, 0.52284588, 0.52573111, 0.52881034, 0.53208889, 0.53557250, 0.53926737, 0.54318019, 0.54731814, 0.55168896, 0.55630097, 0.56116312, 0.56628503, 0.57167703, 0.57735027, 0.58331670, 0.58958920, 0.59618165, 0.60310897, 0.61038729, 0.61803399, 0.62606783, 0.63450911, 0.64337978, 0.65270364, 0.66250650, 0.67281636, 0.68366373, 0.69508180, 0.70710678, 0.69550548, 0.68408045, 0.67322648, 0.66291032, 0.65310150, 0.64377195, 0.63489587, 0.62644945, 0.61841071, 0.61075935, 0.60347660, 0.59654505, 0.58994858, 0.58367226, 0.57770219, 0.57202550, 0.56663020, 0.56150517, 0.55664006, 0.55202524, 0.54765175, 0.54351128, 0.53959608, 0.53589895, 0.53241322, 0.52913267, 0.52605157, 0.52316458, 0.52046677, 0.51795361, 0.51562092, 0.51346484, 0.51148188, 0.50966882, 0.50802278, 0.50654113, 0.50522155, 0.50406197, 0.50306059, 0.50221586, 0.50152647, 0.50099136, 0.50060973, 0.50038098, 0.50030477, 0.50038098, 0.50060973, 0.50099136, 0.50152647, 0.50221586, 0.50306059, 0.50406197, 0.50522155, 0.50654113, 0.50802278, 0.50966882, 0.51148188, 0.51346484, 0.51562092, 0.51795361, 0.52046677, 0.52316458, 0.52605157, 0.52913267, 0.53241322, 0.53589895, 0.53959608, 0.54351128, 0.54765175, 0.55202524, 0.55664006, 0.56150517, 0.56663020, 0.57202550, 0.57770219, 0.58367226, 0.58994858, 0.59654505, 0.60347660, 0.61075935, 0.61841071, 0.62644945, 0.63489587, 0.64377195, 0.65310150, 0.66291032, 0.67322648, 0.68408045, 0.69550548, 0.70710678, 0.69508180, 0.68366373, 0.67281636, 0.66250650, 0.65270364, 0.64337978, 0.63450911, 0.62606783, 0.61803399, 0.61038729, 0.60310897, 0.59618165, 0.58958920, 0.58331670, 0.57735027, 0.57167703, 0.56628503, 0.56116312, 0.55630097, 0.55168896, 0.54731814, 0.54318019, 0.53926737, 0.53557250, 0.53208889, 0.52881034, 0.52573111, 0.52284588, 0.52014972, 0.51763809, 0.51530681, 0.51315205, 0.51117030, 0.50935835, 0.50771331, 0.50623256, 0.50491379, 0.50375491, 0.50275414, 0.50190992, 0.50122095, 0.50068617, 0.50030477, 0.50007616, 0.50000000,  },
			{ 0.50000000, 0.50007616, 0.50030477, 0.50068617, 0.50122095, 0.50190992, 0.50275414, 0.50375491, 0.50491379, 0.50623256, 0.50771331, 0.50935835, 0.51117030, 0.51315205, 0.51530681, 0.51763809, 0.52014972, 0.52284588, 0.52573111, 0.52881034, 0.53208889, 0.53557250, 0.53926737, 0.54318019, 0.54731814, 0.55168896, 0.55630097, 0.56116312, 0.56628503, 0.57167703, 0.57735027, 0.58331670, 0.58958920, 0.59618165, 0.60310897, 0.61038729, 0.61803399, 0.62606783, 0.63450911, 0.64337978, 0.65270364, 0.66250650, 0.67281636, 0.68366373, 0.69508180, 0.70710678, 0.69603569, 0.68460195, 0.67373970, 0.66341568, 0.65359938, 0.64426272, 0.63537987, 0.62692701, 0.61888215, 0.61122496, 0.60393665, 0.59699981, 0.59039832, 0.58411721, 0.57814259, 0.57246157, 0.56706216, 0.56193323, 0.55706441, 0.55244607, 0.54806925, 0.54392562, 0.54000743, 0.53630749, 0.53281910, 0.52953605, 0.52645260, 0.52356340, 0.52086354, 0.51834847, 0.51601399, 0.51385628, 0.51187180, 0.51005736, 0.50841006, 0.50692729, 0.50560670, 0.50444624, 0.50344409, 0.50259871, 0.50190880, 0.50137329, 0.50099136, 0.50076244, 0.50068617, 0.50076244, 0.50099136, 0.50137329, 0.50190880, 0.50259871, 0.50344409, 0.50444624, 0.50560670, 0.50692729, 0.50841006, 0.51005736, 0.51187180, 0.51385628, 0.51601399, 0.51834847, 0.52086354, 0.52356340, 0.52645260, 0.52953605, 0.53281910, 0.53630749, 0.54000743, 0.54392562, 0.54806925, 0.55244607, 0.55706441, 0.56193323, 0.56706216, 0.57246157, 0.57814259, 0.58411721, 0.59039832, 0.59699981, 0.60393665, 0.61122496, 0.61888215, 0.62692701, 0.63537987, 0.64426272, 0.65359938, 0.66341568, 0.67373970, 0.68460195, 0.69603569, 0.70710678, 0.69508180, 0.68366373, 0.67281636, 0.66250650, 0.65270364, 0.64337978, 0.63450911, 0.62606783, 0.61803399, 0.61038729, 0.60310897, 0.59618165, 0.58958920, 0.58331670, 0.57735027, 0.57167703, 0.56628503, 0.56116312, 0.55630097, 0.55168896, 0.54731814, 0.54318019, 0.53926737, 0.53557250, 0.53208889, 0.52881034, 0.52573111, 0.52284588, 0.52014972, 0.51763809, 0.51530681, 0.51315205, 0.51117030, 0.50935835, 0.50771331, 0.50623256, 0.50491379, 0.50375491, 0.50275414, 0.50190992, 0.50122095, 0.50068617, 0.50030477, 0.50007616, 0.50000000,  },
			{ 0.50000000, 0.50007616, 0.50030477, 0.50068617, 0.50122095, 0.50190992, 0.50275414, 0.50375491, 0.50491379, 0.50623256, 0.50771331, 0.50935835, 0.51117030, 0.51315205, 0.51530681, 0.51763809, 0.52014972, 0.52284588, 0.52573111, 0.52881034, 0.53208889, 0.53557250, 0.53926737, 0.54318019, 0.54731814, 0.55168896, 0.55630097, 0.56116312, 0.56628503, 0.57167703, 0.57735027, 0.58331670, 0.58958920, 0.59618165, 0.60310897, 0.61038729, 0.61803399, 0.62606783, 0.63450911, 0.64337978, 0.65270364, 0.66250650, 0.67281636, 0.68366373, 0.69508180, 0.70710678, 0.69677911, 0.68533317, 0.67445931, 0.66412427, 0.65429748, 0.64495085, 0.63605851, 0.62759662, 0.61954316, 0.61187780, 0.60458170, 0.59763746, 0.59102892, 0.58474110, 0.57876010, 0.57307301, 0.56766784, 0.56253342, 0.55765940, 0.55303613, 0.54865463, 0.54450658, 0.54058421, 0.53688031, 0.53338819, 0.53010164, 0.52701489, 0.52412261, 0.52141987, 0.51890211, 0.51656514, 0.51440512, 0.51241852, 0.51060215, 0.50895309, 0.50746873, 0.50614673, 0.50498503, 0.50398181, 0.50313553, 0.50244488, 0.50190880, 0.50152647, 0.50129730, 0.50122095, 0.50129730, 0.50152647, 0.50190880, 0.50244488, 0.50313553, 0.50398181, 0.50498503, 0.50614673, 0.50746873, 0.50895309, 0.51060215, 0.51241852, 0.51440512, 0.51656514, 0.51890211, 0.52141987, 0.52412261, 0.52701489, 0.53010164, 0.53338819, 0.53688031, 0.54058421, 0.54450658, 0.54865463, 0.55303613, 0.55765940, 0.56253342, 0.56766784, 0.57307301, 0.57876010, 0.58474110, 0.59102892, 0.59763746, 0.60458170, 0.61187780, 0.61954316, 0.62759662, 0.63605851, 0.64495085, 0.65429748, 0.66412427, 0.67445931, 0.68533317, 0.69677911, 0.70710678, 0.69508180, 0.68366373, 0.67281636, 0.66250650, 0.65270364, 0.64337978, 0.63450911, 0.62606783, 0.61803399, 0.61038729, 0.60310897, 0.59618165, 0.58958920, 0.58331670, 0.57735027, 0.57167703, 0.56628503, 0.56116312, 0.55630097, 0.55168896, 0.54731814, 0.54318019, 0.53926737, 0.53557250, 0.53208889, 0.52881034, 0.52573111, 0.52284588, 0.52014972, 0.51763809, 0.51530681, 0.51315205, 0.51117030, 0.50935835, 0.50771331, 0.50623256, 0.50491379, 0.50375491, 0.50275414, 0.50190992, 0.50122095, 0.50068617, 0.50030477, 0.50007616, 0.50000000,  },
			{ 0.50000000, 0.50007616, 0.50030477, 0.50068617, 0.50122095, 0.50190992, 0.50275414, 0.50375491, 0.50491379, 0.50623256, 0.50771331, 0.50935835, 0.51117030, 0.51315205, 0.51530681, 0.51763809, 0.52014972, 0.52284588, 0.52573111, 0.52881034, 0.53208889, 0.53557250, 0.53926737, 0.54318019, 0.54731814, 0.55168896, 0.55630097, 0.56116312, 0.56628503, 0.57167703, 0.57735027, 0.58331670, 0.58958920, 0.59618165, 0.60310897, 0.61038729, 0.61803399, 0.62606783, 0.63450911, 0.64337978, 0.65270364, 0.66250650, 0.67281636, 0.68366373, 0.69508180, 0.70710678, 0.69773690, 0.68627521, 0.67538641, 0.66503716, 0.65519687, 0.64583739, 0.63693283, 0.62845931, 0.62039478, 0.61271887, 0.60541275, 0.59845896, 0.59184134, 0.58554487, 0.57955565, 0.57386075, 0.56844814, 0.56330667, 0.55842595, 0.55379632, 0.54940881, 0.54525505, 0.54132729, 0.53761830, 0.53412138, 0.53083031, 0.52773932, 0.52484306, 0.52213661, 0.51961538, 0.51727520, 0.51511221, 0.51312288, 0.51130401, 0.50965269, 0.50816629, 0.50684247, 0.50567917, 0.50467458, 0.50382713, 0.50313553, 0.50259871, 0.50221586, 0.50198637, 0.50190992, 0.50198637, 0.50221586, 0.50259871, 0.50313553, 0.50382713, 0.50467458, 0.50567917, 0.50684247, 0.50816629, 0.50965269, 0.51130401, 0.51312288, 0.51511221, 0.51727520, 0.51961538, 0.52213661, 0.52484306, 0.52773932, 0.53083031, 0.53412138, 0.53761830, 0.54132729, 0.54525505, 0.54940881, 0.55379632, 0.55842595, 0.56330667, 0.56844814, 0.57386075, 0.57955565, 0.58554487, 0.59184134, 0.59845896, 0.60541275, 0.61271887, 0.62039478, 0.62845931, 0.63693283, 0.64583739, 0.65519687, 0.66503716, 0.67538641, 0.68627521, 0.69773690, 0.70710678, 0.69508180, 0.68366373, 0.67281636, 0.66250650, 0.65270364, 0.64337978, 0.63450911, 0.62606783, 0.61803399, 0.61038729, 0.60310897, 0.59618165, 0.58958920, 0.58331670, 0.57735027, 0.57167703, 0.56628503, 0.56116312, 0.55630097, 0.55168896, 0.54731814, 0.54318019, 0.53926737, 0.53557250, 0.53208889, 0.52881034, 0.52573111, 0.52284588, 0.52014972, 0.51763809, 0.51530681, 0.51315205, 0.51117030, 0.50935835, 0.50771331, 0.50623256, 0.50491379, 0.50375491, 0.50275414, 0.50190992, 0.50122095, 0.50068617, 0.50030477, 0.50007616, 0.50000000,  },
			{ 0.50000000, 0.50007616, 0.50030477, 0.50068617, 0.50122095, 0.50190992, 0.50275414, 0.50375491, 0.50491379, 0.50623256, 0.50771331, 0.50935835, 0.51117030, 0.51315205, 0.51530681, 0.51763809, 0.52014972, 0.52284588, 0.52573111, 0.52881034, 0.53208889, 0.53557250, 0.53926737, 0.54318019, 0.54731814, 0.55168896, 0.55630097, 0.56116312, 0.56628503, 0.57167703, 0.57735027, 0.58331670, 0.58958920, 0.59618165, 0.60310897, 0.61038729, 0.61803399, 0.62606783, 0.63450911, 0.64337978, 0.65270364, 0.66250650, 0.67281636, 0.68366373, 0.69508180, 0.70710678, 0.69891050, 0.68742954, 0.67652243, 0.66615577, 0.65629892, 0.64692370, 0.63800416, 0.62951639, 0.62143829, 0.61374948, 0.60643107, 0.59946558, 0.59283682, 0.58652977, 0.58053048, 0.57482599, 0.56940428, 0.56425416, 0.55936523, 0.55472782, 0.55033292, 0.54617218, 0.54223781, 0.53852258, 0.53501978, 0.53172318, 0.52862699, 0.52572586, 0.52301485, 0.52048939, 0.51814527, 0.51597864, 0.51398597, 0.51216404, 0.51050993, 0.50902103, 0.50769499, 0.50652974, 0.50552345, 0.50467458, 0.50398181, 0.50344409, 0.50306059, 0.50283072, 0.50275414, 0.50283072, 0.50306059, 0.50344409, 0.50398181, 0.50467458, 0.50552345, 0.50652974, 0.50769499, 0.50902103, 0.51050993, 0.51216404, 0.51398597, 0.51597864, 0.51814527, 0.52048939, 0.52301485, 0.52572586, 0.52862699, 0.53172318, 0.53501978, 0.53852258, 0.54223781, 0.54617218, 0.55033292, 0.55472782, 0.55936523, 0.56425416, 0.56940428, 0.57482599, 0.58053048, 0.58652977, 0.59283682, 0.59946558, 0.60643107, 0.61374948, 0.62143829, 0.62951639, 0.63800416, 0.64692370, 0.65629892, 0.66615577, 0.67652243, 0.68742954, 0.69891050, 0.70710678, 0.69508180, 0.68366373, 0.67281636, 0.66250650, 0.65270364, 0.64337978, 0.63450911, 0.62606783, 0.61803399, 0.61038729, 0.60310897, 0.59618165, 0.58958920, 0.58331670, 0.57735027, 0.57167703, 0.56628503, 0.56116312, 0.55630097, 0.55168896, 0.54731814, 0.54318019, 0.53926737, 0.53557250, 0.53208889, 0.52881034, 0.52573111, 0.52284588, 0.52014972, 0.51763809, 0.51530681, 0.51315205, 0.51117030, 0.50935835, 0.50771331, 0.50623256, 0.50491379, 0.50375491, 0.50275414, 0.50190992, 0.50122095, 0.50068617, 0.50030477, 0.50007616, 0.50000000,  },
			{ 0.50000000, 0.50007616, 0.50030477, 0.50068617, 0.50122095, 0.50190992, 0.50275414, 0.50375491, 0.50491379, 0.50623256, 0.50771331, 0.50935835, 0.51117030, 0.51315205, 0.51530681, 0.51763809, 0.52014972, 0.52284588, 0.52573111, 0.52881034, 0.53208889, 0.53557250, 0.53926737, 0.54318019, 0.54731814, 0.55168896, 0.55630097, 0.56116312, 0.56628503, 0.57167703, 0.57735027, 0.58331670, 0.58958920, 0.59618165, 0.60310897, 0.61038729, 0.61803399, 0.62606783, 0.63450911, 0.64337978, 0.65270364, 0.66250650, 0.67281636, 0.68366373, 0.69508180, 0.70710678, 0.70030174, 0.68879793, 0.67786910, 0.66748180, 0.65760534, 0.64821145, 0.63927416, 0.63076949, 0.62267532, 0.61497120, 0.60763822, 0.60065887, 0.59401691, 0.58769731, 0.58168607, 0.57597023, 0.57053773, 0.56537736, 0.56047869, 0.55583205, 0.55142840, 0.54725938, 0.54331718, 0.53959455, 0.53608478, 0.53278161, 0.52967926, 0.52677236, 0.52405595, 0.52152546, 0.51917668, 0.51700574, 0.51500910, 0.51318354, 0.51152614, 0.51003428, 0.50870560, 0.50753802, 0.50652974, 0.50567917, 0.50498503, 0.50444624, 0.50406197, 0.50383165, 0.50375491, 0.50383165, 0.50406197, 0.50444624, 0.50498503, 0.50567917, 0.50652974, 0.50753802, 0.50870560, 0.51003428, 0.51152614, 0.51318354, 0.51500910, 0.51700574, 0.51917668, 0.52152546, 0.52405595, 0.52677236, 0.52967926, 0.53278161, 0.53608478, 0.53959455, 0.54331718, 0.54725938, 0.55142840, 0.55583205, 0.56047869, 0.56537736, 0.57053773, 0.57597023, 0.58168607, 0.58769731, 0.59401691, 0.60065887, 0.60763822, 0.61497120, 0.62267532, 0.63076949, 0.63927416, 0.64821145, 0.65760534, 0.66748180, 0.67786910, 0.68879793, 0.70030174, 0.70710678, 0.69508180, 0.68366373, 0.67281636, 0.66250650, 0.65270364, 0.64337978, 0.63450911, 0.62606783, 0.61803399, 0.61038729, 0.60310897, 0.59618165, 0.58958920, 0.58331670, 0.57735027, 0.57167703, 0.56628503, 0.56116312, 0.55630097, 0.55168896, 0.54731814, 0.54318019, 0.53926737, 0.53557250, 0.53208889, 0.52881034, 0.52573111, 0.52284588, 0.52014972, 0.51763809, 0.51530681, 0.51315205, 0.51117030, 0.50935835, 0.50771331, 0.50623256, 0.50491379, 0.50375491, 0.50275414, 0.50190992, 0.50122095, 0.50068617, 0.50030477, 0.50007616, 0.50000000,  },
			{ 0.50000000, 0.50007616, 0.50030477, 0.50068617, 0.50122095, 0.50190992, 0.50275414, 0.50375491, 0.50491379, 0.50623256, 0.50771331, 0.50935835, 0.51117030, 0.51315205, 0.51530681, 0.51763809, 0.52014972, 0.52284588, 0.52573111, 0.52881034, 0.53208889, 0.53557250, 0.53926737, 0.54318019, 0.54731814, 0.55168896, 0.55630097, 0.56116312, 0.56628503, 0.57167703, 0.57735027, 0.58331670, 0.58958920, 0.59618165, 0.60310897, 0.61038729, 0.61803399, 0.62606783, 0.63450911, 0.64337978, 0.65270364, 0.66250650, 0.67281636, 0.68366373, 0.69508180, 0.70710678, 0.70191276, 0.69038249, 0.67942852, 0.66901733, 0.65911814, 0.64970264, 0.64074479, 0.63222056, 0.62410776, 0.61638592, 0.60903607, 0.60204066, 0.59538343, 0.58904929, 0.58302422, 0.57729523, 0.57185023, 0.56667799, 0.56176806, 0.55711072, 0.55269695, 0.54851833, 0.54456706, 0.54083587, 0.53731803, 0.53400726, 0.53089777, 0.52798418, 0.52526153, 0.52272522, 0.52037103, 0.51819509, 0.51619386, 0.51436410, 0.51270290, 0.51120760, 0.50987586, 0.50870560, 0.50769499, 0.50684247, 0.50614673, 0.50560670, 0.50522155, 0.50499070, 0.50491379, 0.50499070, 0.50522155, 0.50560670, 0.50614673, 0.50684247, 0.50769499, 0.50870560, 0.50987586, 0.51120760, 0.51270290, 0.51436410, 0.51619386, 0.51819509, 0.52037103, 0.52272522, 0.52526153, 0.52798418, 0.53089777, 0.53400726, 0.53731803, 0.54083587, 0.54456706, 0.54851833, 0.55269695, 0.55711072, 0.56176806, 0.56667799, 0.57185023, 0.57729523, 0.58302422, 0.58904929, 0.59538343, 0.60204066, 0.60903607, 0.61638592, 0.62410776, 0.63222056, 0.64074479, 0.64970264, 0.65911814, 0.66901733, 0.67942852, 0.69038249, 0.70191276, 0.70710678, 0.69508180, 0.68366373, 0.67281636, 0.66250650, 0.65270364, 0.64337978, 0.63450911, 0.62606783, 0.61803399, 0.61038729, 0.60310897, 0.59618165, 0.58958920, 0.58331670, 0.57735027, 0.57167703, 0.56628503, 0.56116312, 0.55630097, 0.55168896, 0.54731814, 0.54318019, 0.53926737, 0.53557250, 0.53208889, 0.52881034, 0.52573111, 0.52284588, 0.52014972, 0.51763809, 0.51530681, 0.51315205, 0.51117030, 0.50935835, 0.50771331, 0.50623256, 0.50491379, 0.50375491, 0.50275414, 0.50190992, 0.50122095, 0.50068617, 0.50030477, 0.50007616, 0.50000000,  },
			{ 0.50000000, 0.50007616, 0.50030477, 0.50068617, 0.50122095, 0.50190992, 0.50275414, 0.50375491, 0.50491379, 0.50623256, 0.50771331, 0.50935835, 0.51117030, 0.51315205, 0.51530681, 0.51763809, 0.52014972, 0.52284588, 0.52573111, 0.52881034, 0.53208889, 0.53557250, 0.53926737, 0.54318019, 0.54731814, 0.55168896, 0.55630097, 0.56116312, 0.56628503, 0.57167703, 0.57735027, 0.58331670, 0.58958920, 0.59618165, 0.60310897, 0.61038729, 0.61803399, 0.62606783, 0.63450911, 0.64337978, 0.65270364, 0.66250650, 0.67281636, 0.68366373, 0.69508180, 0.70710678, 0.70374608, 0.69218568, 0.68120311, 0.67076472, 0.66083968, 0.65139959, 0.64241834, 0.63387184, 0.62573786, 0.61799585, 0.61062680, 0.60361313, 0.59693851, 0.59058781, 0.58454701, 0.57880306, 0.57334384, 0.56815809, 0.56323533, 0.55856583, 0.55414053, 0.54995100, 0.54598941, 0.54224848, 0.53872144, 0.53540203, 0.53228442, 0.52936322, 0.52663345, 0.52409051, 0.52173018, 0.51954856, 0.51754210, 0.51570756, 0.51404202, 0.51254282, 0.51120760, 0.51003428, 0.50902103, 0.50816629, 0.50746873, 0.50692729, 0.50654113, 0.50630968, 0.50623256, 0.50630968, 0.50654113, 0.50692729, 0.50746873, 0.50816629, 0.50902103, 0.51003428, 0.51120760, 0.51254282, 0.51404202, 0.51570756, 0.51754210, 0.51954856, 0.52173018, 0.52409051, 0.52663345, 0.52936322, 0.53228442, 0.53540203, 0.53872144, 0.54224848, 0.54598941, 0.54995100, 0.55414053, 0.55856583, 0.56323533, 0.56815809, 0.57334384, 0.57880306, 0.58454701, 0.59058781, 0.59693851, 0.60361313, 0.61062680, 0.61799585, 0.62573786, 0.63387184, 0.64241834, 0.65139959, 0.66083968, 0.67076472, 0.68120311, 0.69218568, 0.70374608, 0.70710678, 0.69508180, 0.68366373, 0.67281636, 0.66250650, 0.65270364, 0.64337978, 0.63450911, 0.62606783, 0.61803399, 0.61038729, 0.60310897, 0.59618165, 0.58958920, 0.58331670, 0.57735027, 0.57167703, 0.56628503, 0.56116312, 0.55630097, 0.55168896, 0.54731814, 0.54318019, 0.53926737, 0.53557250, 0.53208889, 0.52881034, 0.52573111, 0.52284588, 0.52014972, 0.51763809, 0.51530681, 0.51315205, 0.51117030, 0.50935835, 0.50771331, 0.50623256, 0.50491379, 0.50375491, 0.50275414, 0.50190992, 0.50122095, 0.50068617, 0.50030477, 0.50007616, 0.50000000,  },
			{ 0.50000000, 0.50007616, 0.50030477, 0.50068617, 0.50122095, 0.50190992, 0.50275414, 0.50375491, 0.50491379, 0.50623256, 0.50771331, 0.50935835, 0.51117030, 0.51315205, 0.51530681, 0.51763809, 0.52014972, 0.52284588, 0.52573111, 0.52881034, 0.53208889, 0.53557250, 0.53926737, 0.54318019, 0.54731814, 0.55168896, 0.55630097, 0.56116312, 0.56628503, 0.57167703, 0.57735027, 0.58331670, 0.58958920, 0.59618165, 0.60310897, 0.61038729, 0.61803399, 0.62606783, 0.63450911, 0.64337978, 0.65270364, 0.66250650, 0.67281636, 0.68366373, 0.69508180, 0.70710678, 0.70580455, 0.69421035, 0.68319564, 0.67272673, 0.66277265, 0.65330495, 0.64429743, 0.63572593, 0.62756816, 0.61980350, 0.61241290, 0.60537871, 0.59868457, 0.59231530, 0.58625683, 0.58049607, 0.57502088, 0.56981996, 0.56488281, 0.56019965, 0.55576140, 0.55155962, 0.54758644, 0.54383457, 0.54029721, 0.53696809, 0.53384136, 0.53091162, 0.52817387, 0.52562349, 0.52325625, 0.52106825, 0.51905592, 0.51721602, 0.51554560, 0.51404202, 0.51270290, 0.51152614, 0.51050993, 0.50965269, 0.50895309, 0.50841006, 0.50802278, 0.50779064, 0.50771331, 0.50779064, 0.50802278, 0.50841006, 0.50895309, 0.50965269, 0.51050993, 0.51152614, 0.51270290, 0.51404202, 0.51554560, 0.51721602, 0.51905592, 0.52106825, 0.52325625, 0.52562349, 0.52817387, 0.53091162, 0.53384136, 0.53696809, 0.54029721, 0.54383457, 0.54758644, 0.55155962, 0.55576140, 0.56019965, 0.56488281, 0.56981996, 0.57502088, 0.58049607, 0.58625683, 0.59231530, 0.59868457, 0.60537871, 0.61241290, 0.61980350, 0.62756816, 0.63572593, 0.64429743, 0.65330495, 0.66277265, 0.67272673, 0.68319564, 0.69421035, 0.70580455, 0.70710678, 0.69508180, 0.68366373, 0.67281636, 0.66250650, 0.65270364, 0.64337978, 0.63450911, 0.62606783, 0.61803399, 0.61038729, 0.60310897, 0.59618165, 0.58958920, 0.58331670, 0.57735027, 0.57167703, 0.56628503, 0.56116312, 0.55630097, 0.55168896, 0.54731814, 0.54318019, 0.53926737, 0.53557250, 0.53208889, 0.52881034, 0.52573111, 0.52284588, 0.52014972, 0.51763809, 0.51530681, 0.51315205, 0.51117030, 0.50935835, 0.50771331, 0.50623256, 0.50491379, 0.50375491, 0.50275414, 0.50190992, 0.50122095, 0.50068617, 0.50030477, 0.50007616, 0.50000000,  },
			{ 0.50000000, 0.50007616, 0.50030477, 0.50068617, 0.50122095, 0.50190992, 0.50275414, 0.50375491, 0.50491379, 0.50623256, 0.50771331, 0.50935835, 0.51117030, 0.51315205, 0.51530681, 0.51763809, 0.52014972, 0.52284588, 0.52573111, 0.52881034, 0.53208889, 0.53557250, 0.53926737, 0.54318019, 0.54731814, 0.55168896, 0.55630097, 0.56116312, 0.56628503, 0.57167703, 0.57735027, 0.58331670, 0.58958920, 0.59618165, 0.60310897, 0.61038729, 0.61803399, 0.62606783, 0.63450911, 0.64337978, 0.65270364, 0.66250650, 0.67281636, 0.68366373, 0.69508180, 0.70710678, 0.70809143, 0.69645966, 0.68540926, 0.67490643, 0.66492010, 0.65542173, 0.64638502, 0.63778575, 0.62960154, 0.62181173, 0.61439718, 0.60734020, 0.60062436, 0.59423446, 0.58815636, 0.58237694, 0.57688401, 0.57166624, 0.56671309, 0.56201475, 0.55756213, 0.55334673, 0.54936067, 0.54559664, 0.54204783, 0.53870792, 0.53557106, 0.53263183, 0.52988520, 0.52732656, 0.52495166, 0.52275656, 0.52073772, 0.51889185, 0.51721602, 0.51570756, 0.51436410, 0.51318354, 0.51216404, 0.51130401, 0.51060215, 0.51005736, 0.50966882, 0.50943594, 0.50935835, 0.50943594, 0.50966882, 0.51005736, 0.51060215, 0.51130401, 0.51216404, 0.51318354, 0.51436410, 0.51570756, 0.51721602, 0.51889185, 0.52073772, 0.52275656, 0.52495166, 0.52732656, 0.52988520, 0.53263183, 0.53557106, 0.53870792, 0.54204783, 0.54559664, 0.54936067, 0.55334673, 0.55756213, 0.56201475, 0.56671309, 0.57166624, 0.57688401, 0.58237694, 0.58815636, 0.59423446, 0.60062436, 0.60734020, 0.61439718, 0.62181173, 0.62960154, 0.63778575, 0.64638502, 0.65542173, 0.66492010, 0.67490643, 0.68540926, 0.69645966, 0.70809143, 0.70710678, 0.69508180, 0.68366373, 0.67281636, 0.66250650, 0.65270364, 0.64337978, 0.63450911, 0.62606783, 0.61803399, 0.61038729, 0.60310897, 0.59618165, 0.58958920, 0.58331670, 0.57735027, 0.57167703, 0.56628503, 0.56116312, 0.55630097, 0.55168896, 0.54731814, 0.54318019, 0.53926737, 0.53557250, 0.53208889, 0.52881034, 0.52573111, 0.52284588, 0.52014972, 0.51763809, 0.51530681, 0.51315205, 0.51117030, 0.50935835, 0.50771331, 0.50623256, 0.50491379, 0.50375491, 0.50275414, 0.50190992, 0.50122095, 0.50068617, 0.50030477, 0.50007616, 0.50000000,  },
			{ 0.50000000, 0.50007616, 0.50030477, 0.50068617, 0.50122095, 0.50190992, 0.50275414, 0.50375491, 0.50491379, 0.50623256, 0.50771331, 0.50935835, 0.51117030, 0.51315205, 0.51530681, 0.51763809, 0.52014972, 0.52284588, 0.52573111, 0.52881034, 0.53208889, 0.53557250, 0.53926737, 0.54318019, 0.54731814, 0.55168896, 0.55630097, 0.56116312, 0.56628503, 0.57167703, 0.57735027, 0.58331670, 0.58958920, 0.59618165, 0.60310897, 0.61038729, 0.61803399, 0.62606783, 0.63450911, 0.64337978, 0.65270364, 0.66250650, 0.67281636, 0.68366373, 0.69508180, 0.70710678, 0.71061034, 0.69893718, 0.68784748, 0.67730729, 0.66728543, 0.65775327, 0.64868442, 0.64005456, 0.63184124, 0.62402371, 0.61658279, 0.60950070, 0.60276098, 0.59634834, 0.59024862, 0.58444864, 0.57893617, 0.57369984, 0.56872906, 0.56401402, 0.55954555, 0.55531516, 0.55131493, 0.54753750, 0.54397607, 0.54062428, 0.53747626, 0.53452657, 0.53177017, 0.52920243, 0.52681908, 0.52461618, 0.52259015, 0.52073772, 0.51905592, 0.51754210, 0.51619386, 0.51500910, 0.51398597, 0.51312288, 0.51241852, 0.51187180, 0.51148188, 0.51124816, 0.51117030, 0.51124816, 0.51148188, 0.51187180, 0.51241852, 0.51312288, 0.51398597, 0.51500910, 0.51619386, 0.51754210, 0.51905592, 0.52073772, 0.52259015, 0.52461618, 0.52681908, 0.52920243, 0.53177017, 0.53452657, 0.53747626, 0.54062428, 0.54397607, 0.54753750, 0.55131493, 0.55531516, 0.55954555, 0.56401402, 0.56872906, 0.57369984, 0.57893617, 0.58444864, 0.59024862, 0.59634834, 0.60276098, 0.60950070, 0.61658279, 0.62402371, 0.63184124, 0.64005456, 0.64868442, 0.65775327, 0.66728543, 0.67730729, 0.68784748, 0.69893718, 0.71061034, 0.70710678, 0.69508180, 0.68366373, 0.67281636, 0.66250650, 0.65270364, 0.64337978, 0.63450911, 0.62606783, 0.61803399, 0.61038729, 0.60310897, 0.59618165, 0.58958920, 0.58331670, 0.57735027, 0.57167703, 0.56628503, 0.56116312, 0.55630097, 0.55168896, 0.54731814, 0.54318019, 0.53926737, 0.53557250, 0.53208889, 0.52881034, 0.52573111, 0.52284588, 0.52014972, 0.51763809, 0.51530681, 0.51315205, 0.51117030, 0.50935835, 0.50771331, 0.50623256, 0.50491379, 0.50375491, 0.50275414, 0.50190992, 0.50122095, 0.50068617, 0.50030477, 0.50007616, 0.50000000,  },
			{ 0.50000000, 0.50007616, 0.50030477, 0.50068617, 0.50122095, 0.50190992, 0.50275414, 0.50375491, 0.50491379, 0.50623256, 0.50771331, 0.50935835, 0.51117030, 0.51315205, 0.51530681, 0.51763809, 0.52014972, 0.52284588, 0.52573111, 0.52881034, 0.53208889, 0.53557250, 0.53926737, 0.54318019, 0.54731814, 0.55168896, 0.55630097, 0.56116312, 0.56628503, 0.57167703, 0.57735027, 0.58331670, 0.58958920, 0.59618165, 0.60310897, 0.61038729, 0.61803399, 0.62606783, 0.63450911, 0.64337978, 0.65270364, 0.66250650, 0.67281636, 0.68366373, 0.69508180, 0.70710678, 0.71336530, 0.70164690, 0.69051420, 0.67993314, 0.66987243, 0.66030331, 0.65119930, 0.64253598, 0.63429082, 0.62644299, 0.61897322, 0.61186367, 0.60509782, 0.59866032, 0.59253695, 0.58671449, 0.58118065, 0.57592401, 0.57093397, 0.56620065, 0.56171485, 0.55746806, 0.55345232, 0.54966025, 0.54608501, 0.54272022, 0.53956000, 0.53659887, 0.53383179, 0.53125410, 0.52886150, 0.52665006, 0.52461618, 0.52275656, 0.52106825, 0.51954856, 0.51819509, 0.51700574, 0.51597864, 0.51511221, 0.51440512, 0.51385628, 0.51346484, 0.51323022, 0.51315205, 0.51323022, 0.51346484, 0.51385628, 0.51440512, 0.51511221, 0.51597864, 0.51700574, 0.51819509, 0.51954856, 0.52106825, 0.52275656, 0.52461618, 0.52665006, 0.52886150, 0.53125410, 0.53383179, 0.53659887, 0.53956000, 0.54272022, 0.54608501, 0.54966025, 0.55345232, 0.55746806, 0.56171485, 0.56620065, 0.57093397, 0.57592401, 0.58118065, 0.58671449, 0.59253695, 0.59866032, 0.60509782, 0.61186367, 0.61897322, 0.62644299, 0.63429082, 0.64253598, 0.65119930, 0.66030331, 0.66987243, 0.67993314, 0.69051420, 0.70164690, 0.71336530, 0.70710678, 0.69508180, 0.68366373, 0.67281636, 0.66250650, 0.65270364, 0.64337978, 0.63450911, 0.62606783, 0.61803399, 0.61038729, 0.60310897, 0.59618165, 0.58958920, 0.58331670, 0.57735027, 0.57167703, 0.56628503, 0.56116312, 0.55630097, 0.55168896, 0.54731814, 0.54318019, 0.53926737, 0.53557250, 0.53208889, 0.52881034, 0.52573111, 0.52284588, 0.52014972, 0.51763809, 0.51530681, 0.51315205, 0.51117030, 0.50935835, 0.50771331, 0.50623256, 0.50491379, 0.50375491, 0.50275414, 0.50190992, 0.50122095, 0.50068617, 0.50030477, 0.50007616, 0.50000000,  },
			{ 0.50000000, 0.50007616, 0.50030477, 0.50068617, 0.50122095, 0.50190992, 0.50275414, 0.50375491, 0.50491379, 0.50623256, 0.50771331, 0.50935835, 0.51117030, 0.51315205, 0.51530681, 0.51763809, 0.52014972, 0.52284588, 0.52573111, 0.52881034, 0.53208889, 0.53557250, 0.53926737, 0.54318019, 0.54731814, 0.55168896, 0.55630097, 0.56116312, 0.56628503, 0.57167703, 0.57735027, 0.58331670, 0.58958920, 0.59618165, 0.60310897, 0.61038729, 0.61803399, 0.62606783, 0.63450911, 0.64337978, 0.65270364, 0.66250650, 0.67281636, 0.68366373, 0.69508180, 0.70710678, 0.71636077, 0.70459316, 0.69341372, 0.68278823, 0.67268527, 0.66307597, 0.65393373, 0.64523404, 0.63695425, 0.62907346, 0.62157233, 0.61443293, 0.60763867, 0.60117414, 0.59502506, 0.58917814, 0.58362107, 0.57834236, 0.57333136, 0.56857816, 0.56407353, 0.55980891, 0.55577630, 0.55196831, 0.54837806, 0.54499914, 0.54182565, 0.53885209, 0.53607339, 0.53348487, 0.53108223, 0.52886150, 0.52681908, 0.52495166, 0.52325625, 0.52173018, 0.52037103, 0.51917668, 0.51814527, 0.51727520, 0.51656514, 0.51601399, 0.51562092, 0.51538531, 0.51530681, 0.51538531, 0.51562092, 0.51601399, 0.51656514, 0.51727520, 0.51814527, 0.51917668, 0.52037103, 0.52173018, 0.52325625, 0.52495166, 0.52681908, 0.52886150, 0.53108223, 0.53348487, 0.53607339, 0.53885209, 0.54182565, 0.54499914, 0.54837806, 0.55196831, 0.55577630, 0.55980891, 0.56407353, 0.56857816, 0.57333136, 0.57834236, 0.58362107, 0.58917814, 0.59502506, 0.60117414, 0.60763867, 0.61443293, 0.62157233, 0.62907346, 0.63695425, 0.64523404, 0.65393373, 0.66307597, 0.67268527, 0.68278823, 0.69341372, 0.70459316, 0.71636077, 0.70710678, 0.69508180, 0.68366373, 0.67281636, 0.66250650, 0.65270364, 0.64337978, 0.63450911, 0.62606783, 0.61803399, 0.61038729, 0.60310897, 0.59618165, 0.58958920, 0.58331670, 0.57735027, 0.57167703, 0.56628503, 0.56116312, 0.55630097, 0.55168896, 0.54731814, 0.54318019, 0.53926737, 0.53557250, 0.53208889, 0.52881034, 0.52573111, 0.52284588, 0.52014972, 0.51763809, 0.51530681, 0.51315205, 0.51117030, 0.50935835, 0.50771331, 0.50623256, 0.50491379, 0.50375491, 0.50275414, 0.50190992, 0.50122095, 0.50068617, 0.50030477, 0.50007616, 0.50000000,  },
			{ 0.50000000, 0.50007616, 0.50030477, 0.50068617, 0.50122095, 0.50190992, 0.50275414, 0.50375491, 0.50491379, 0.50623256, 0.50771331, 0.50935835, 0.51117030, 0.51315205, 0.51530681, 0.51763809, 0.52014972, 0.52284588, 0.52573111, 0.52881034, 0.53208889, 0.53557250, 0.53926737, 0.54318019, 0.54731814, 0.55168896, 0.55630097, 0.56116312, 0.56628503, 0.57167703, 0.57735027, 0.58331670, 0.58958920, 0.59618165, 0.60310897, 0.61038729, 0.61803399, 0.62606783, 0.63450911, 0.64337978, 0.65270364, 0.66250650, 0.67281636, 0.68366373, 0.69508180, 0.70710678, 0.71960163, 0.70778078, 0.69655076, 0.68587720, 0.67572854, 0.66607576, 0.65689217, 0.64815311, 0.63983587, 0.63191943, 0.62438436, 0.61721266, 0.61038766, 0.60389388, 0.59771698, 0.59184362, 0.58626140, 0.58095881, 0.57592514, 0.57115044, 0.56662543, 0.56234151, 0.55829066, 0.55446545, 0.55085895, 0.54746475, 0.54427690, 0.54128988, 0.53849861, 0.53589838, 0.53348487, 0.53125410, 0.52920243, 0.52732656, 0.52562349, 0.52409051, 0.52272522, 0.52152546, 0.52048939, 0.51961538, 0.51890211, 0.51834847, 0.51795361, 0.51771694, 0.51763809, 0.51771694, 0.51795361, 0.51834847, 0.51890211, 0.51961538, 0.52048939, 0.52152546, 0.52272522, 0.52409051, 0.52562349, 0.52732656, 0.52920243, 0.53125410, 0.53348487, 0.53589838, 0.53849861, 0.54128988, 0.54427690, 0.54746475, 0.55085895, 0.55446545, 0.55829066, 0.56234151, 0.56662543, 0.57115044, 0.57592514, 0.58095881, 0.58626140, 0.59184362, 0.59771698, 0.60389388, 0.61038766, 0.61721266, 0.62438436, 0.63191943, 0.63983587, 0.64815311, 0.65689217, 0.66607576, 0.67572854, 0.68587720, 0.69655076, 0.70778078, 0.71960163, 0.70710678, 0.69508180, 0.68366373, 0.67281636, 0.66250650, 0.65270364, 0.64337978, 0.63450911, 0.62606783, 0.61803399, 0.61038729, 0.60310897, 0.59618165, 0.58958920, 0.58331670, 0.57735027, 0.57167703, 0.56628503, 0.56116312, 0.55630097, 0.55168896, 0.54731814, 0.54318019, 0.53926737, 0.53557250, 0.53208889, 0.52881034, 0.52573111, 0.52284588, 0.52014972, 0.51763809, 0.51530681, 0.51315205, 0.51117030, 0.50935835, 0.50771331, 0.50623256, 0.50491379, 0.50375491, 0.50275414, 0.50190992, 0.50122095, 0.50068617, 0.50030477, 0.50007616, 0.50000000,  },
			{ 0.50000000, 0.50007616, 0.50030477, 0.50068617, 0.50122095, 0.50190992, 0.50275414, 0.50375491, 0.50491379, 0.50623256, 0.50771331, 0.50935835, 0.51117030, 0.51315205, 0.51530681, 0.51763809, 0.52014972, 0.52284588, 0.52573111, 0.52881034, 0.53208889, 0.53557250, 0.53926737, 0.54318019, 0.54731814, 0.55168896, 0.55630097, 0.56116312, 0.56628503, 0.57167703, 0.57735027, 0.58331670, 0.58958920, 0.59618165, 0.60310897, 0.61038729, 0.61803399, 0.62606783, 0.63450911, 0.64337978, 0.65270364, 0.66250650, 0.67281636, 0.68366373, 0.69508180, 0.70710678, 0.71977827, 0.71121499, 0.69993048, 0.68920513, 0.67900723, 0.66930763, 0.66007947, 0.65129801, 0.64294041, 0.63498556, 0.62741393, 0.62020743, 0.61334931, 0.60682403, 0.60061716, 0.59471530, 0.58910599, 0.58377768, 0.57871959, 0.57392171, 0.56937475, 0.56507004, 0.56099954, 0.55715577, 0.55353177, 0.55012110, 0.54691778, 0.54391627, 0.54111146, 0.53849861, 0.53607339, 0.53383179, 0.53177017, 0.52988520, 0.52817387, 0.52663345, 0.52526153, 0.52405595, 0.52301485, 0.52213661, 0.52141987, 0.52086354, 0.52046677, 0.52022895, 0.52014972, 0.52022895, 0.52046677, 0.52086354, 0.52141987, 0.52213661, 0.52301485, 0.52405595, 0.52526153, 0.52663345, 0.52817387, 0.52988520, 0.53177017, 0.53383179, 0.53607339, 0.53849861, 0.54111146, 0.54391627, 0.54691778, 0.55012110, 0.55353177, 0.55715577, 0.56099954, 0.56507004, 0.56937475, 0.57392171, 0.57871959, 0.58377768, 0.58910599, 0.59471530, 0.60061716, 0.60682403, 0.61334931, 0.62020743, 0.62741393, 0.63498556, 0.64294041, 0.65129801, 0.66007947, 0.66930763, 0.67900723, 0.68920513, 0.69993048, 0.71121499, 0.71977827, 0.70710678, 0.69508180, 0.68366373, 0.67281636, 0.66250650, 0.65270364, 0.64337978, 0.63450911, 0.62606783, 0.61803399, 0.61038729, 0.60310897, 0.59618165, 0.58958920, 0.58331670, 0.57735027, 0.57167703, 0.56628503, 0.56116312, 0.55630097, 0.55168896, 0.54731814, 0.54318019, 0.53926737, 0.53557250, 0.53208889, 0.52881034, 0.52573111, 0.52284588, 0.52014972, 0.51763809, 0.51530681, 0.51315205, 0.51117030, 0.50935835, 0.50771331, 0.50623256, 0.50491379, 0.50375491, 0.50275414, 0.50190992, 0.50122095, 0.50068617, 0.50030477, 0.50007616, 0.50000000,  },
			{ 0.50000000, 0.50007616, 0.50030477, 0.50068617, 0.50122095, 0.50190992, 0.50275414, 0.50375491, 0.50491379, 0.50623256, 0.50771331, 0.50935835, 0.51117030, 0.51315205, 0.51530681, 0.51763809, 0.52014972, 0.52284588, 0.52573111, 0.52881034, 0.53208889, 0.53557250, 0.53926737, 0.54318019, 0.54731814, 0.55168896, 0.55630097, 0.56116312, 0.56628503, 0.57167703, 0.57735027, 0.58331670, 0.58958920, 0.59618165, 0.60310897, 0.61038729, 0.61803399, 0.62606783, 0.63450911, 0.64337978, 0.65270364, 0.66250650, 0.67281636, 0.68366373, 0.69508180, 0.70710678, 0.71977827, 0.71490153, 0.70355853, 0.69277758, 0.68252682, 0.67277694, 0.66350094, 0.65467397, 0.64627305, 0.63827696, 0.63066608, 0.62342223, 0.61652857, 0.60996946, 0.60373042, 0.59779796, 0.59215958, 0.58680365, 0.58171934, 0.57689660, 0.57232607, 0.56799905, 0.56390744, 0.56004374, 0.55640096, 0.55297261, 0.54975269, 0.54673562, 0.54391627, 0.54128988, 0.53885209, 0.53659887, 0.53452657, 0.53263183, 0.53091162, 0.52936322, 0.52798418, 0.52677236, 0.52572586, 0.52484306, 0.52412261, 0.52356340, 0.52316458, 0.52292552, 0.52284588, 0.52292552, 0.52316458, 0.52356340, 0.52412261, 0.52484306, 0.52572586, 0.52677236, 0.52798418, 0.52936322, 0.53091162, 0.53263183, 0.53452657, 0.53659887, 0.53885209, 0.54128988, 0.54391627, 0.54673562, 0.54975269, 0.55297261, 0.55640096, 0.56004374, 0.56390744, 0.56799905, 0.57232607, 0.57689660, 0.58171934, 0.58680365, 0.59215958, 0.59779796, 0.60373042, 0.60996946, 0.61652857, 0.62342223, 0.63066608, 0.63827696, 0.64627305, 0.65467397, 0.66350094, 0.67277694, 0.68252682, 0.69277758, 0.70355853, 0.71490153, 0.71977827, 0.70710678, 0.69508180, 0.68366373, 0.67281636, 0.66250650, 0.65270364, 0.64337978, 0.63450911, 0.62606783, 0.61803399, 0.61038729, 0.60310897, 0.59618165, 0.58958920, 0.58331670, 0.57735027, 0.57167703, 0.56628503, 0.56116312, 0.55630097, 0.55168896, 0.54731814, 0.54318019, 0.53926737, 0.53557250, 0.53208889, 0.52881034, 0.52573111, 0.52284588, 0.52014972, 0.51763809, 0.51530681, 0.51315205, 0.51117030, 0.50935835, 0.50771331, 0.50623256, 0.50491379, 0.50375491, 0.50275414, 0.50190992, 0.50122095, 0.50068617, 0.50030477, 0.50007616, 0.50000000,  },
